# I20180835 #243 CV with XRD
# Potential / V, Current Density / mA/cm^2, Strain ip / %, Strain oop / %, d ip / nm, d oop / nm, Intensity (area ip)
7.391406249999999956e-01 -2.710937500000000153e-02 -1.296499315504351380e-01 3.337650949022386015e-01 1.925591585448940890e+01 1.444988862607673319e+01 8.318283168703775876e-03
7.462499999999999689e-01 -3.156250000000000028e-02 -1.315057933040653104e-01 3.366334229776057896e-01 1.932444738699354048e+01 1.452141541628598631e+01 8.442771539978738762e-03
7.513281250000000133e-01 -3.179687500000000222e-02 -1.277617529702568255e-01 3.315869111453872975e-01 1.914199930190300947e+01 1.445818891759795832e+01 8.497223982400098699e-03
7.550781250000000444e-01 -3.187500000000000056e-02 -1.302615814980256914e-01 3.278931969776133215e-01 1.922490607502370352e+01 1.444172814902565705e+01 8.396641519317652944e-03
7.757031250000000488e-01 -2.960937500000000028e-02 -1.309255769146089321e-01 3.285127205180593535e-01 1.925378992534405498e+01 1.444741000993171021e+01 8.470207019083273586e-03
7.789062500000000222e-01 -3.218750000000000083e-02 -1.294011434781694447e-01 3.231457736970533290e-01 1.934553491330502339e+01 1.445758454380897007e+01 8.294671741588658526e-03
7.871093750000000000e-01 -3.234374999999999750e-02 -1.291286712362227362e-01 3.264008276140817344e-01 1.917938535570896619e+01 1.452561174057278137e+01 8.312819311588202226e-03
7.919531250000000355e-01 -3.078124999999999958e-02 -1.271239762920650662e-01 3.249242759966186611e-01 1.924275384748872142e+01 1.451276661627027842e+01 8.550089661767261082e-03
8.031249999999999778e-01 -3.101562500000000153e-02 -1.299063333271677223e-01 3.154701160860362563e-01 1.923998873600747572e+01 1.445157125941823040e+01 8.371069995353625989e-03
8.089062500000000488e-01 -3.242187500000000278e-02 -1.310126983507076126e-01 3.168975552541919427e-01 1.918175149682230085e+01 1.433963327623459705e+01 8.157083397008891776e-03
8.174218749999999645e-01 -3.382812500000000056e-02 -1.302498040417265912e-01 3.196262260144466794e-01 1.911794660128851220e+01 1.437778322132332853e+01 8.473563123945069414e-03
8.264062500000000089e-01 -3.523437499999999833e-02 -1.302473763657330252e-01 3.125740897066409119e-01 1.926432090780470574e+01 1.433892775933667885e+01 8.328275947455689859e-03
8.360156250000000400e-01 -3.476562500000000139e-02 -1.326105898996621235e-01 3.097395038129890921e-01 1.921946878353122301e+01 1.453517608708571984e+01 8.359667320250514788e-03
8.471874999999999822e-01 -3.507812500000000167e-02 -1.323197406157716749e-01 3.117918095713267945e-01 1.933011381305588117e+01 1.444425080470837131e+01 8.369155672019956693e-03
8.600781250000000266e-01 -3.507812500000000167e-02 -1.357142669799138446e-01 2.995299339454859933e-01 1.914817878151817609e+01 1.453592908755135049e+01 8.348479883035624452e-03
8.639062499999999867e-01 -3.765625000000000222e-02 -1.330926104327057047e-01 3.072172399232186990e-01 1.927526881448906337e+01 1.438760765852068779e+01 8.254671505249141020e-03
8.676562500000000178e-01 -3.585937499999999889e-02 -1.329309183541238504e-01 3.031711647468515736e-01 1.922758311883860927e+01 1.447153919578153136e+01 8.458393345062690041e-03
8.747656249999999911e-01 -3.757812500000000389e-02 -1.301001982994542949e-01 3.005457185358384464e-01 1.924019402242067045e+01 1.434622990143049570e+01 8.329860804791490089e-03
8.885156250000000311e-01 -3.953125000000000389e-02 -1.304460995219414166e-01 2.942263349290596963e-01 1.924072675217430017e+01 1.442493811310376728e+01 8.262392408473312813e-03
8.960937500000000222e-01 -3.937500000000000028e-02 -1.288174751355009029e-01 2.931199662093542102e-01 1.911095590724320914e+01 1.445652520695745125e+01 8.025638257757332708e-03
9.047656250000000178e-01 -3.804687500000000083e-02 -1.312021158068943372e-01 2.901870746887080799e-01 1.910338187658034315e+01 1.448291824108536829e+01 8.276289825405774153e-03
9.129687499999999956e-01 -3.984375000000000416e-02 -1.324451251591085565e-01 2.858129379249119140e-01 1.912336028022948753e+01 1.453296666673047000e+01 8.275942948253648887e-03
9.200000000000000400e-01 -3.765625000000000222e-02 -1.360813175821484755e-01 2.891664359308876442e-01 1.914202170968706795e+01 1.448104903738815175e+01 8.029889535284212912e-03
9.260937500000000488e-01 -3.710937500000000000e-02 -1.367013787016202464e-01 2.774774507031008142e-01 1.900291664742925235e+01 1.443106106808632028e+01 8.026322492355958751e-03
9.445312500000000444e-01 -3.906250000000000000e-02 -1.349004653493746098e-01 2.770719020768197538e-01 1.914290955815574691e+01 1.433234147187476104e+01 8.026475082616399762e-03
9.492187500000000000e-01 -4.132812500000000028e-02 -1.376184807463598503e-01 2.734190651052070820e-01 1.909301203158224425e+01 1.436873372343215216e+01 7.819352547875753345e-03
9.539843749999999956e-01 -3.874999999999999972e-02 -1.419600748424953984e-01 2.779181196555624567e-01 1.911359558304845407e+01 1.433743920728758781e+01 7.927785288478567116e-03
9.615624999999999867e-01 -4.257812500000000139e-02 -1.362304831304395059e-01 2.735301488627106536e-01 1.890196066646987916e+01 1.420011658337550564e+01 8.139484151208577559e-03
9.729687500000000488e-01 -4.007812499999999917e-02 -1.396554823853035643e-01 2.705889842074427065e-01 1.907858743524283440e+01 1.422206815772779720e+01 7.839380415659671572e-03
9.811718750000000266e-01 -4.390625000000000083e-02 -1.431202378170293166e-01 2.633115444461875398e-01 1.906945536626465909e+01 1.429461843645964336e+01 7.956960984383034188e-03
9.932812500000000044e-01 -4.437499999999999778e-02 -1.424411478586740110e-01 2.584161346732782860e-01 1.908661005560888313e+01 1.437723568234351923e+01 8.088424713933912297e-03
9.907031250000000178e-01 -4.578125000000000250e-02 -1.422612541006396114e-01 2.638974832396501213e-01 1.913566554789787588e+01 1.432825265836601147e+01 7.963318253052983561e-03
1.004843750000000036e+00 -5.031250000000000305e-02 -1.433709279836326012e-01 2.573046828927560981e-01 1.901592772549635768e+01 1.426810066522296871e+01 8.070016866218379312e-03
1.013281249999999911e+00 -5.203125000000000111e-02 -1.389059552293625543e-01 2.598261153236025578e-01 1.917921990412879651e+01 1.441306389540308075e+01 8.166444345422692319e-03
1.018593749999999964e+00 -5.656250000000000167e-02 -1.421144432166343563e-01 2.526646833965529027e-01 1.912920005217804942e+01 1.438354389081229456e+01 7.959155895926372029e-03
1.026874999999999982e+00 -5.984375000000000111e-02 -1.474980260067093596e-01 2.512762495291864795e-01 1.916258110782634461e+01 1.429188318734220964e+01 7.934665549737743642e-03
1.036406249999999973e+00 -6.562500000000000278e-02 -1.501969454064111531e-01 2.510424478564976525e-01 1.910250434394713182e+01 1.423403826739273725e+01 7.860682764030022321e-03
1.044218749999999973e+00 -7.382812500000000833e-02 -1.491805754270325579e-01 2.451636265332846065e-01 1.903054307783236254e+01 1.433111127946989605e+01 7.927059834519236889e-03
1.052812499999999929e+00 -8.023437499999999667e-02 -1.514853147610129014e-01 2.529476855495316201e-01 1.896175710473317366e+01 1.430936235619243746e+01 7.711941788584312368e-03
1.060312499999999991e+00 -9.546875000000000500e-02 -1.508240610020972206e-01 2.431237526364649071e-01 1.907065859073760095e+01 1.429635902222346822e+01 7.876707388319335174e-03
1.067265625000000107e+00 -1.055468749999999983e-01 -1.517114240843553397e-01 2.433547121717616335e-01 1.892458168560641951e+01 1.426454740217339889e+01 7.696146706850560786e-03
1.073828125000000133e+00 -1.243749999999999994e-01 -1.547061436634189491e-01 2.488718206546502998e-01 1.897178601376263174e+01 1.435093699597479677e+01 7.839807589609374197e-03
1.088984375000000115e+00 -1.371874999999999900e-01 -1.598946024689906764e-01 2.397437967607496390e-01 1.895574135049692899e+01 1.433110258704390994e+01 7.894686928899316558e-03
1.096562500000000107e+00 -1.580468750000000033e-01 -1.562865639959443165e-01 2.402423347955595645e-01 1.895828217916369951e+01 1.438473306835812160e+01 7.795006779300315408e-03
1.108281250000000107e+00 -1.786718750000000078e-01 -1.592277220497262391e-01 2.467747155459498742e-01 1.902816183343214362e+01 1.427138271476588827e+01 7.862353842760117645e-03
1.106406250000000036e+00 -1.996875000000000178e-01 -1.611909401976419076e-01 2.443465598004568307e-01 1.898775323019487615e+01 1.429412736884085611e+01 7.836216342781652036e-03
1.115156250000000071e+00 -2.231250000000000178e-01 -1.600797127513264861e-01 2.432138462755917274e-01 1.897770472372141271e+01 1.419807068830383301e+01 7.709772919343171188e-03
1.127734374999999956e+00 -2.416406249999999978e-01 -1.616447817581301294e-01 2.399322503847889365e-01 1.885696540526173237e+01 1.425425972801265218e+01 7.709812168371004554e-03
1.131640624999999956e+00 -2.670312499999999978e-01 -1.609085783062291775e-01 2.410558063130174844e-01 1.904112001294189582e+01 1.427272911816550938e+01 7.739974012133828823e-03
1.147031249999999947e+00 -2.949218750000000000e-01 -1.669538495403188882e-01 2.496487150552173517e-01 1.891138963527875205e+01 1.425553027806213180e+01 7.699041100741695585e-03
1.156640625000000089e+00 -3.196875000000000133e-01 -1.634069079653799328e-01 2.462051346946214636e-01 1.892084432499854785e+01 1.422690446766776340e+01 7.684094312898846410e-03
1.164140624999999929e+00 -3.398437500000000000e-01 -1.642074816507022028e-01 2.374956479975098844e-01 1.906794398606427166e+01 1.422722428144190943e+01 7.879802304634819093e-03
1.167265624999999973e+00 -3.670312500000000311e-01 -1.660614471505783563e-01 2.381683466148309947e-01 1.904182849307588299e+01 1.424178136671403117e+01 7.704764915613791613e-03
1.178359375000000098e+00 -3.882812500000000222e-01 -1.672357288752701621e-01 2.425497259524345139e-01 1.903577885391374735e+01 1.417669749837753734e+01 7.621303049055418860e-03
1.180312500000000098e+00 -4.129687499999999956e-01 -1.687468042038675620e-01 2.416482721584012339e-01 1.904949534713726322e+01 1.420118375282456036e+01 8.015845537180193298e-03
1.187187500000000062e+00 -4.285156250000000111e-01 -1.628948584823763923e-01 2.320770631145885332e-01 1.916379629655570227e+01 1.437145576226397026e+01 7.929411801412695679e-03
1.198437500000000044e+00 -4.421875000000000111e-01 -1.642349632234307855e-01 2.320914768318749211e-01 1.904611328436964612e+01 1.416320377257441621e+01 7.757916508380436824e-03
1.205703125000000098e+00 -4.522656250000000044e-01 -1.652137859485147686e-01 2.349262866991663756e-01 1.927156222379061390e+01 1.434290381561103622e+01 7.679391208248185878e-03
1.218281249999999982e+00 -4.551562499999999845e-01 -1.660805250403352140e-01 2.289260943924897873e-01 1.916928507847012142e+01 1.413200840988081275e+01 7.953423730440205980e-03
1.213593750000000027e+00 -3.976562499999999889e-01 -1.687587586451932964e-01 2.268453915304613489e-01 1.918525514681338606e+01 1.426096055007580254e+01 7.831196743766024801e-03
1.206796874999999991e+00 -3.492968750000000067e-01 -1.680071122544868345e-01 2.361459464633064442e-01 1.913790673586219171e+01 1.425034600101324145e+01 7.799676319725934275e-03
1.200468749999999973e+00 -3.095312499999999800e-01 -1.647863556077489022e-01 2.288479769821494259e-01 1.893065829167790781e+01 1.418558434458575235e+01 7.809786293531884548e-03
1.181718749999999929e+00 -2.778906250000000022e-01 -1.637651344779555984e-01 2.320436019731531019e-01 1.900249369106144570e+01 1.420563422537835763e+01 8.005324091605354672e-03
1.171015625000000115e+00 -2.497656250000000189e-01 -1.663584662072170595e-01 2.344012490277380678e-01 1.898527514296763741e+01 1.419538825382146463e+01 7.942546518548997125e-03
1.173984375000000080e+00 -2.254687499999999956e-01 -1.663852346888705647e-01 2.334164591107024123e-01 1.920634357139366699e+01 1.434007806835836973e+01 8.046646951704367404e-03
1.156250000000000000e+00 -2.047656250000000067e-01 -1.673414878468060252e-01 2.296520231901633124e-01 1.903938729948306374e+01 1.421908232263200489e+01 8.027480357599483043e-03
1.153359374999999964e+00 -1.830468749999999978e-01 -1.662034434568249175e-01 2.291060487874529983e-01 1.907222273524756062e+01 1.423428406532114820e+01 7.635803814643795165e-03
1.146093750000000133e+00 -1.637500000000000067e-01 -1.640173271697742408e-01 2.307666953430098644e-01 1.901837547036669918e+01 1.424926727695574691e+01 7.986549715787369386e-03
1.145312499999999956e+00 -1.474218750000000078e-01 -1.658171424233745306e-01 2.342353088579995912e-01 1.907367602806055729e+01 1.430986937576674833e+01 7.846880826350455598e-03
1.128671874999999991e+00 -1.313281249999999900e-01 -1.656556750774695885e-01 2.276894997438771995e-01 1.907633254759502606e+01 1.424122855840987434e+01 8.031377578413743251e-03
1.116640625000000053e+00 -1.148437500000000083e-01 -1.682614752680056114e-01 2.356693583043911744e-01 1.924141429206222043e+01 1.423855325274511507e+01 8.080501619730878077e-03
1.115312499999999929e+00 -1.039843750000000039e-01 -1.668856355993897367e-01 2.306243404184948886e-01 1.916539433859724184e+01 1.426375786949832580e+01 7.983320097114231934e-03
1.105937500000000018e+00 -9.210937500000000722e-02 -1.671337264024463920e-01 2.388751430423274869e-01 1.915838222040155259e+01 1.430291421655611295e+01 8.187452684913476206e-03
1.090624999999999956e+00 -8.203125000000000000e-02 -1.697164442589937927e-01 2.274633678458481967e-01 1.908818869439762977e+01 1.429601056925673852e+01 7.995521092357073603e-03
1.086796875000000107e+00 -7.562499999999999778e-02 -1.666180291432506344e-01 2.375791630631063356e-01 1.884649031690932830e+01 1.411372389572914443e+01 7.925884387711364110e-03
1.075937499999999991e+00 -6.812500000000000500e-02 -1.717741488481361323e-01 2.330375692099373452e-01 1.919780642687178940e+01 1.427077386478513255e+01 7.926712025071782144e-03
1.074531249999999938e+00 -6.390624999999999778e-02 -1.671105218558843752e-01 2.343632894418634649e-01 1.918930488905412091e+01 1.419740285136519731e+01 7.973393991839206746e-03
1.063515624999999964e+00 -5.570312499999999917e-02 -1.673540815006702154e-01 2.321203476075339722e-01 1.907756834062316642e+01 1.415697177947216723e+01 8.061149359562593333e-03
1.057968750000000124e+00 -5.390625000000000278e-02 -1.651937990938434631e-01 2.382376684173737047e-01 1.928215240598362357e+01 1.427384250949097400e+01 8.067734712187185978e-03
1.046250000000000124e+00 -4.953124999999999889e-02 -1.670572791957591896e-01 2.349295179092658614e-01 1.921794798718860520e+01 1.426962374151716872e+01 7.876148144900608356e-03
1.038124999999999964e+00 -4.507812500000000361e-02 -1.652236506658466553e-01 2.391977128311628675e-01 1.916081934441253054e+01 1.427388176401624875e+01 7.899925720094597148e-03
1.028671875000000124e+00 -4.273437499999999806e-02 -1.663436019569197732e-01 2.392337135317612606e-01 1.927223202308013583e+01 1.435876418140404454e+01 7.836699735371427736e-03
1.026093750000000027e+00 -3.898437500000000167e-02 -1.667983477279033622e-01 2.459215249882129584e-01 1.896228474550705201e+01 1.417610738267411818e+01 7.989602971447996860e-03
1.010625000000000107e+00 -3.804687500000000083e-02 -1.688364434140221526e-01 2.405328432072195710e-01 1.908614953749353660e+01 1.416481694215890386e+01 7.932851240478586141e-03
1.006406249999999947e+00 -3.578125000000000056e-02 -1.694750965258617903e-01 2.394591156446912450e-01 1.920546120110177668e+01 1.423248690724375543e+01 8.089635823431749403e-03
9.941406250000000000e-01 -3.773437500000000056e-02 -1.666331720378111392e-01 2.497252776811453856e-01 1.906396274688694703e+01 1.423571519843869382e+01 7.875065038851944768e-03
9.939062499999999911e-01 -3.562500000000000389e-02 -1.655745102205896657e-01 2.470450673430324429e-01 1.902301109716663774e+01 1.434069852322267735e+01 8.009213796840403826e-03
9.854687500000000044e-01 -3.554687499999999861e-02 -1.666201151817814363e-01 2.421039454863160856e-01 1.894899619255663126e+01 1.428055840011531963e+01 8.052717266520161010e-03
9.675000000000000266e-01 -3.242187500000000278e-02 -1.691033771586858414e-01 2.412152146549884080e-01 1.911152160620757812e+01 1.427499920731768412e+01 8.063054461203141704e-03
9.638281250000000355e-01 -3.242187500000000278e-02 -1.687624831321232755e-01 2.490270610266964724e-01 1.902811059392828597e+01 1.424454257605565921e+01 8.074757219469232833e-03
9.601562500000000444e-01 -3.125000000000000000e-02 -1.662334133880838394e-01 2.468870757078800438e-01 1.911631701485607238e+01 1.424973122464057340e+01 7.992500459787174952e-03
9.521874999999999645e-01 -3.210937500000000250e-02 -1.659990165592706290e-01 2.501558422336014331e-01 1.896279894282133682e+01 1.420776710422591904e+01 8.230244587548106797e-03
9.393750000000000711e-01 -3.117187500000000167e-02 -1.632188297707726221e-01 2.483161387735410841e-01 1.907336123560934737e+01 1.434339027780842457e+01 7.937136181777215693e-03
9.345312500000000355e-01 -3.062499999999999944e-02 -1.692114298450508869e-01 2.534166535775650431e-01 1.900728341133509502e+01 1.419425588228118329e+01 8.165361618694107551e-03
9.173437500000000133e-01 -2.945312500000000014e-02 -1.661659957979400026e-01 2.516765026290723739e-01 1.906858204557408598e+01 1.439501380841429246e+01 8.065344862561024675e-03
9.107812499999999867e-01 -3.085937500000000139e-02 -1.674942762591946632e-01 2.559848262790431761e-01 1.903591455402806787e+01 1.421439778382560348e+01 8.046893562357973831e-03
8.974218750000000355e-01 -2.960937500000000028e-02 -1.646685995245977807e-01 2.572067989617954353e-01 1.906145215473683052e+01 1.427007992374373302e+01 8.244310990021496560e-03
8.927343749999999689e-01 -3.078124999999999958e-02 -1.672087107051356547e-01 2.562070791103154832e-01 1.906031376957717782e+01 1.424834897967258307e+01 8.198321852227484496e-03
8.924218750000000311e-01 -2.968750000000000208e-02 -1.644674894190290004e-01 2.572585613371591862e-01 1.913373145918093243e+01 1.434410800140446085e+01 8.100563798137127430e-03
8.791406250000000089e-01 -3.070312500000000125e-02 -1.638022351270640442e-01 2.690838307543241825e-01 1.906294386772316685e+01 1.435598265290125930e+01 8.162384410030630935e-03
8.715625000000000178e-01 -2.851562499999999931e-02 -1.639981770968357289e-01 2.603814022944073159e-01 1.898314789595061214e+01 1.436498131305734205e+01 8.143733394634325440e-03
8.607031250000000133e-01 -2.781250000000000042e-02 -1.645443921435618684e-01 2.709267597081010948e-01 1.904798742911021847e+01 1.431934869157930024e+01 8.534913441881817470e-03
8.637500000000000178e-01 -2.773437500000000208e-02 -1.624664852972634854e-01 2.645771771496940872e-01 1.901436063008529231e+01 1.441986733784840702e+01 8.299281361677492141e-03
8.444531250000000266e-01 -2.750000000000000014e-02 -1.630952439594435255e-01 2.686901586133494391e-01 1.916033571765295918e+01 1.436954634090043115e+01 8.323819375207314533e-03
8.359375000000000000e-01 -2.781250000000000042e-02 -1.626118391795272622e-01 2.808962216194643702e-01 1.918182664084202216e+01 1.423866700181630129e+01 8.353182063153011261e-03
8.239062500000000622e-01 -2.546875000000000180e-02 -1.614907346928928789e-01 2.743348989974192520e-01 1.907501447767164038e+01 1.437017381384961823e+01 8.250109820033411229e-03
8.269531250000000666e-01 -2.624999999999999903e-02 -1.604755128484680604e-01 2.769804448903734340e-01 1.910577023124491802e+01 1.439485825355240500e+01 8.400795766732332970e-03
8.172656249999999956e-01 -2.710937500000000153e-02 -1.614491059918177207e-01 2.877053003851770541e-01 1.911029634029728541e+01 1.430833953465638508e+01 8.351831283300565831e-03
8.068750000000000089e-01 -2.773437500000000208e-02 -1.628082048144241512e-01 2.851665490391397384e-01 1.909174550667458448e+01 1.431274776083500910e+01 8.516649016239479647e-03
7.963281250000000533e-01 -2.695312500000000139e-02 -1.608148653092889013e-01 2.841890211062958471e-01 1.923927655880691745e+01 1.437964893744927863e+01 8.494404780500784333e-03
7.921093750000000044e-01 -2.781250000000000042e-02 -1.566369237841591655e-01 2.854312506773704072e-01 1.918133291829083831e+01 1.438663691186163973e+01 8.368734366143099415e-03
7.783593749999999645e-01 -2.867187499999999944e-02 -1.593851967335080388e-01 2.868572633448307485e-01 1.910794784621495168e+01 1.437291629161285655e+01 8.400474984644046642e-03
7.712499999999999911e-01 -2.671874999999999944e-02 -1.592898974222878294e-01 3.001035795344719759e-01 1.912947741575754179e+01 1.431823492806687526e+01 8.348358717848353844e-03
7.653125000000000622e-01 -2.812500000000000069e-02 -1.621274685158713424e-01 2.973784850549998637e-01 1.914188786425416566e+01 1.446125532416654202e+01 8.159893400559534854e-03
7.575781249999999911e-01 -2.882812499999999958e-02 -1.603996559706111213e-01 2.974279897661080696e-01 1.910565614658465350e+01 1.432527721052256986e+01 8.337500851176810751e-03
7.530468750000000044e-01 -2.679687500000000125e-02 -1.583553109702262596e-01 2.982725482040704534e-01 1.918382937074530759e+01 1.444071828864014151e+01 8.492651818492366264e-03
7.393750000000000044e-01 -2.875000000000000125e-02 -1.594361354606999015e-01 3.020916075098911691e-01 1.920731568336730888e+01 1.444787138160448059e+01 8.341513395144318360e-03
7.382031249999999600e-01 -2.835937499999999917e-02 -1.566738155498903495e-01 2.996252763816986686e-01 1.921637649028856032e+01 1.440740712721039429e+01 8.290590228205692649e-03
7.263281249999999911e-01 -2.726562500000000167e-02 -1.573200749079961547e-01 3.102727713313324642e-01 1.914015557746532181e+01 1.430244828178584982e+01 8.270936228743188887e-03
7.208593749999999689e-01 -2.789062500000000222e-02 -1.568011431565596858e-01 3.119596241458744146e-01 1.921933642719823254e+01 1.448687980029846933e+01 8.331552697920916253e-03
7.078125000000000666e-01 -2.742187500000000180e-02 -1.558184549943608666e-01 3.092961105300329194e-01 1.904086004826863743e+01 1.439602105702374324e+01 8.468699309298808459e-03
7.010937499999999600e-01 -2.585937500000000042e-02 -1.554651012069863114e-01 3.211940997402296105e-01 1.925665838562210297e+01 1.434127903284840855e+01 8.588793475402351982e-03
6.955468750000000089e-01 -2.445312499999999917e-02 -1.518667617783631130e-01 3.243089275239308122e-01 1.913025381852034101e+01 1.440398696439587134e+01 8.128975427308116064e-03
6.842968750000000266e-01 -2.570312500000000028e-02 -1.549543708364131689e-01 3.220259936955072178e-01 1.915184948636754569e+01 1.434915207528430159e+01 8.246085335021498611e-03
6.772656249999999822e-01 -2.820312499999999903e-02 -1.535583345724789162e-01 3.267078712640536509e-01 1.917612876014437973e+01 1.455670051714760938e+01 8.461391288855540579e-03
6.626562500000000577e-01 -2.781250000000000042e-02 -1.538492871051122535e-01 3.280918396223908573e-01 1.924541048550484135e+01 1.453021484273803665e+01 8.258810383071258851e-03
6.637500000000000622e-01 -2.664062500000000111e-02 -1.514966444122745060e-01 3.326171855716708592e-01 1.916842026241940644e+01 1.441689173411289637e+01 8.429350232358599759e-03
6.578906250000000622e-01 -2.476562499999999944e-02 -1.479971262181467573e-01 3.278280651505927068e-01 1.910961709997144808e+01 1.446799828759402828e+01 8.358011277823486698e-03
6.442968749999999911e-01 -2.429687499999999903e-02 -1.470019969715630204e-01 3.309369266885520133e-01 1.929483456520684470e+01 1.453639799265227062e+01 8.576126764630624330e-03
6.335937500000000666e-01 -2.703124999999999972e-02 -1.489397018088700619e-01 3.315191819329710299e-01 1.909973902411676505e+01 1.437402031233227717e+01 8.305505711013891346e-03
6.239843750000000355e-01 -2.445312499999999917e-02 -1.457938270848280204e-01 3.404899525861093679e-01 1.923467720453346530e+01 1.450972872218072318e+01 8.462027113450214938e-03
6.247656249999999911e-01 -2.554687500000000014e-02 -1.494250234765015506e-01 3.417169490725457948e-01 1.927173306631998173e+01 1.443798437820202984e+01 8.538665846687026884e-03
6.129687500000000622e-01 -2.546875000000000180e-02 -1.453653881386851587e-01 3.468588061268818024e-01 1.918730099509716780e+01 1.450029291391488329e+01 8.506709026799888149e-03
6.025781249999999645e-01 -2.601562500000000056e-02 -1.486540166632521753e-01 3.576725274551328937e-01 1.932472421009547148e+01 1.448367635813688281e+01 8.538950711238687749e-03
5.957812500000000400e-01 -2.585937500000000042e-02 -1.423933046512559919e-01 3.515565286176913773e-01 1.926561265307435988e+01 1.456904245579107382e+01 8.272460535799611853e-03
5.838281250000000311e-01 -2.523437499999999986e-02 -1.456622697640019837e-01 3.543017668956371935e-01 1.923352990985292266e+01 1.463483141156986989e+01 8.701400349069328757e-03
5.797656250000000622e-01 -2.468750000000000111e-02 -1.433955977020673345e-01 3.597097647798808140e-01 1.917534520873542547e+01 1.452533001237252819e+01 8.593600962246610367e-03
5.705468750000000089e-01 -2.679687500000000125e-02 -1.404632080920120707e-01 3.623049717527138114e-01 1.923824864127437095e+01 1.455998916960518130e+01 8.578558034505596314e-03
5.684375000000000400e-01 -2.429687499999999903e-02 -1.399594011454285969e-01 3.605459925617893191e-01 1.925851096292338482e+01 1.455561098006010390e+01 8.551545295777146505e-03
5.469531250000000400e-01 -2.562500000000000194e-02 -1.383313393905960531e-01 3.726304096957955281e-01 1.910624020067416140e+01 1.458849752627637031e+01 8.392448341193374170e-03
5.442968750000000133e-01 -2.531250000000000167e-02 -1.393154462186796394e-01 3.758194681080073707e-01 1.925552080799538857e+01 1.459492278430258239e+01 8.568646847612819417e-03
5.399218749999999956e-01 -2.624999999999999903e-02 -1.347264506323719857e-01 3.795293277314870650e-01 1.935373317517034053e+01 1.465975904691816467e+01 8.695989749861918541e-03
5.250000000000000222e-01 -2.328124999999999986e-02 -1.389942403978827734e-01 3.883905671735465859e-01 1.934435645353362077e+01 1.453332446941425005e+01 8.730174617360164993e-03
5.170312500000000533e-01 -2.421875000000000069e-02 -1.349753601857961449e-01 3.865362654257742392e-01 1.925397403970920962e+01 1.467709931335206086e+01 8.680589052010502515e-03
5.092968749999999822e-01 -2.453125000000000097e-02 -1.346771647006361761e-01 3.944967434361457137e-01 1.929395263382105696e+01 1.458810823721739602e+01 8.656384683019659534e-03
5.085937499999999556e-01 -2.390625000000000042e-02 -1.315307528348741428e-01 3.908437230651262695e-01 1.930833452771269165e+01 1.471536842730384720e+01 8.931743948891414028e-03
4.937500000000000222e-01 -2.476562499999999944e-02 -1.295453440216975949e-01 3.948880088714412651e-01 1.938822445781541504e+01 1.468810178914010933e+01 8.929884799328229386e-03
4.840625000000000067e-01 -2.289062500000000125e-02 -1.291700667273687486e-01 4.020804154819312970e-01 1.928816300025225061e+01 1.469813223244431200e+01 8.895610249547276915e-03
4.735937500000000355e-01 -2.281249999999999944e-02 -1.271881481249348411e-01 4.086037998632274792e-01 1.930765698010658937e+01 1.474543327521759650e+01 9.009362551036091682e-03
4.706250000000000155e-01 -2.343750000000000000e-02 -1.273456851767162945e-01 4.127516142916398678e-01 1.939679071243986641e+01 1.472767591889925676e+01 8.926059724068622844e-03
4.638281250000000355e-01 -2.429687499999999903e-02 -1.257945390731762814e-01 4.136939063873690259e-01 1.935917436734870378e+01 1.468438874623873680e+01 8.768028565093281823e-03
4.528125000000000067e-01 -2.351562500000000180e-02 -1.226073609653210994e-01 4.218617149617243101e-01 1.930386746324897729e+01 1.474133891231519833e+01 8.821175198231938352e-03
4.420312499999999867e-01 -2.453125000000000097e-02 -1.270278768521149182e-01 4.233542875772045022e-01 1.927080880848281907e+01 1.478204368443103611e+01 8.930854033057660998e-03
4.387500000000000289e-01 -2.375000000000000028e-02 -1.249706955689267041e-01 4.307634232929569151e-01 1.920508776534616402e+01 1.466210586966987961e+01 8.725810620542432186e-03
4.352343750000000067e-01 -2.312499999999999972e-02 -1.200779941697760478e-01 4.325388234494020878e-01 1.937790436903715729e+01 1.474202093528663227e+01 9.076400279146665945e-03
4.220312500000000244e-01 -2.312499999999999972e-02 -1.210890962186628173e-01 4.346001583739989016e-01 1.938724077965148851e+01 1.471591549079844619e+01 8.675990398610855872e-03
4.161718750000000244e-01 -2.265624999999999931e-02 -1.214969207855909339e-01 4.391560294014551502e-01 1.928707237977705091e+01 1.478511757828185402e+01 8.916435900278428528e-03
4.018749999999999822e-01 -2.421875000000000069e-02 -1.199984369584905508e-01 4.530115783127008910e-01 1.931403981549594207e+01 1.485275019315717415e+01 8.699784748790599306e-03
3.935156250000000355e-01 -2.351562500000000180e-02 -1.158875540227533030e-01 4.489297643115452985e-01 1.928262147430405449e+01 1.484936872468083457e+01 8.565535464968285218e-03
3.908593750000000089e-01 -2.281249999999999944e-02 -1.157075344186520027e-01 4.589067403092172981e-01 1.932653560772080326e+01 1.476066501730373126e+01 8.764673600947070486e-03
3.939062500000000133e-01 -2.640624999999999917e-02 -1.149168431008207314e-01 4.609315917675216312e-01 1.930225335087619953e+01 1.487963773156563718e+01 8.603963139750167230e-03
3.889843749999999933e-01 -2.679687500000000125e-02 -1.126039978041726286e-01 4.573084519822856464e-01 1.932320503240007525e+01 1.489994316991910850e+01 8.674495979872642176e-03
4.097656250000000222e-01 -2.632812500000000083e-02 -1.141312510762215737e-01 4.615038245476155154e-01 1.928166666422894693e+01 1.479898452428721356e+01 8.745406823022253487e-03
4.192187500000000289e-01 -2.695312500000000139e-02 -1.102672463532683444e-01 4.558129200925797875e-01 1.922701548957671136e+01 1.471849930635095838e+01 8.772406292175745357e-03
4.240625000000000089e-01 -2.773437500000000208e-02 -1.117949767171277919e-01 4.524664192201877100e-01 1.925072662029353410e+01 1.479076640587207869e+01 8.761575061886973589e-03
4.359375000000000333e-01 -2.562500000000000194e-02 -1.117861424094312994e-01 4.542799031659550124e-01 1.932455917101829002e+01 1.489935330854708262e+01 8.649660949668035170e-03
4.396875000000000089e-01 -2.796875000000000056e-02 -1.115139388485508753e-01 4.567465432025574756e-01 1.934435115232579250e+01 1.482065201715684921e+01 8.897151161027168007e-03
4.512499999999999845e-01 -2.710937500000000153e-02 -1.127543746892167853e-01 4.518935015811242906e-01 1.938876717531489291e+01 1.481180748207760800e+01 8.782322448430229106e-03
4.678906250000000044e-01 -2.789062500000000222e-02 -1.102394367920256357e-01 4.422798005728534321e-01 1.934852981742313816e+01 1.484954238966569129e+01 8.869408421422388805e-03
4.739062500000000289e-01 -2.820312499999999903e-02 -1.122643698207359542e-01 4.479144526033707052e-01 1.939353581260018800e+01 1.481038587833300824e+01 8.692034650728798495e-03
4.804687500000000000e-01 -2.828125000000000083e-02 -1.124561172984428481e-01 4.437235494513691592e-01 1.929280865189217664e+01 1.482343334492518494e+01 8.612463709893910038e-03
4.874218750000000044e-01 -2.757812500000000194e-02 -1.136308249302664386e-01 4.468846451550323451e-01 1.932796609959612510e+01 1.471621497205338258e+01 8.647616644985407428e-03
4.888281250000000022e-01 -2.820312499999999903e-02 -1.157227451738074286e-01 4.417379343520266843e-01 1.932089573015398187e+01 1.479951887293937496e+01 8.857565737580183965e-03
4.971875000000000044e-01 -2.812500000000000069e-02 -1.112546929274538243e-01 4.399416217200746715e-01 1.929014989312572581e+01 1.482496631548747601e+01 8.896765647019225579e-03
5.125781249999999956e-01 -2.968750000000000208e-02 -1.119705076409793776e-01 4.389388364236301854e-01 1.936500894140644036e+01 1.482683557715205502e+01 8.413121701694083882e-03
5.223437499999999956e-01 -2.960937500000000028e-02 -1.117463482258163054e-01 4.306656136941811042e-01 1.941712802376605751e+01 1.480285788374022005e+01 8.798165036448634194e-03
5.357812499999999867e-01 -2.796875000000000056e-02 -1.148160655907837224e-01 4.243129224495101326e-01 1.928284770011125104e+01 1.474107600401615237e+01 8.705862025088766110e-03
5.361718749999999645e-01 -2.898437499999999972e-02 -1.152084455681157138e-01 4.267387990034787748e-01 1.925973879324981297e+01 1.476655398389352847e+01 8.772340760117621622e-03
5.503124999999999822e-01 -3.007812500000000069e-02 -1.127888277491551072e-01 4.200602960677368714e-01 1.935875405847577113e+01 1.477175654505525237e+01 8.890609089959327152e-03
5.569531250000000488e-01 -2.976562500000000042e-02 -1.141450025737622553e-01 4.258102401553554017e-01 1.927491019018677321e+01 1.475133759345709628e+01 8.861487204032661782e-03
5.627343750000000089e-01 -3.062499999999999944e-02 -1.166783739535048880e-01 4.205226928660765751e-01 1.937445109859105585e+01 1.480826635051810491e+01 8.807547685802157023e-03
5.666406250000000089e-01 -2.859375000000000111e-02 -1.160971156906498436e-01 4.186141952655653142e-01 1.938618311092935897e+01 1.479215958015681132e+01 8.884892624880832979e-03
5.828125000000000666e-01 -3.148437500000000194e-02 -1.141548642111467338e-01 4.066737635668005169e-01 1.934522828051113308e+01 1.470798116365011232e+01 8.892411741302499659e-03
5.876562499999999911e-01 -3.070312500000000125e-02 -1.121501375686007052e-01 4.062896708921126532e-01 1.940595048142025192e+01 1.478029806040579608e+01 8.685380719159514415e-03
5.875781250000000622e-01 -2.929687500000000000e-02 -1.122485632293224178e-01 4.027166183591113224e-01 1.933373080285304013e+01 1.465682217511629482e+01 8.824867467580183034e-03
6.099218750000000577e-01 -2.968750000000000208e-02 -1.140370599155171583e-01 3.975639441062384094e-01 1.944444467815149125e+01 1.471059641224448278e+01 8.774764054481853925e-03
6.076562500000000089e-01 -3.007812500000000069e-02 -1.133182899013984724e-01 4.034964363989201885e-01 1.946990114695620377e+01 1.466496291802329388e+01 8.743559924112851919e-03
6.190624999999999600e-01 -3.046874999999999931e-02 -1.162547686269665981e-01 3.978999685815720611e-01 1.939163159133818226e+01 1.477017857111771626e+01 8.809503405392172734e-03
6.246093750000000222e-01 -3.171875000000000389e-02 -1.162140923095966727e-01 3.885512948035740877e-01 1.939660379612960384e+01 1.476599820738801228e+01 8.846806139439614830e-03
6.397656250000000044e-01 -3.085937500000000139e-02 -1.168663440667239151e-01 3.826206509518481624e-01 1.931787337001846439e+01 1.470553009121392662e+01 8.705016261859085946e-03
6.430468750000000178e-01 -3.171875000000000389e-02 -1.217333104825746304e-01 3.847450250970663177e-01 1.932161841130408675e+01 1.464513985457335288e+01 8.871953925240679342e-03
6.576562500000000533e-01 -3.023437500000000083e-02 -1.182026179785244935e-01 3.887944158525336036e-01 1.937832314083765084e+01 1.466049852332561088e+01 8.852427860664948550e-03
6.601562500000000000e-01 -3.296874999999999806e-02 -1.170769858991560497e-01 3.721614378127346967e-01 1.926609446889403898e+01 1.465943663790678642e+01 8.810833025148522707e-03
6.731249999999999734e-01 -3.250000000000000111e-02 -1.228083763728626820e-01 3.807903583652461066e-01 1.922677907289324750e+01 1.466197977058815205e+01 8.863840340495900139e-03
6.801562500000000178e-01 -3.203124999999999722e-02 -1.228722235827151010e-01 3.746458192721346947e-01 1.936096118032234870e+01 1.456584234141710787e+01 8.627308862825961919e-03
6.912500000000000311e-01 -3.125000000000000000e-02 -1.231172469255081836e-01 3.682494664694724307e-01 1.914415533695166260e+01 1.456842335311964831e+01 8.812458316454734389e-03
6.916406250000000089e-01 -3.257812499999999944e-02 -1.237461847470200382e-01 3.739867223676363039e-01 1.917539672575042786e+01 1.456270681977187209e+01 8.900983133570111033e-03
7.058593750000000666e-01 -3.015624999999999903e-02 -1.237905583911125262e-01 3.683332133844308132e-01 1.937455452876762863e+01 1.451762158241147560e+01 8.836784825101801424e-03
7.128124999999999600e-01 -3.093749999999999972e-02 -1.236327237011280999e-01 3.597379460619221092e-01 1.925793743692454640e+01 1.454935465121638849e+01 8.900449325774715745e-03
7.194531250000000266e-01 -3.164062499999999861e-02 -1.251707178487548866e-01 3.599987853367903057e-01 1.923754843699889250e+01 1.455995760942679595e+01 8.814663077102961528e-03
7.353906249999999645e-01 -3.304687500000000333e-02 -1.248403972731848555e-01 3.596667208924264614e-01 1.913193077969849654e+01 1.456737532812833358e+01 8.524672534663452900e-03
7.310156250000000577e-01 -3.281250000000000139e-02 -1.228532736444964968e-01 3.543950785872329590e-01 1.924439073405589440e+01 1.459187640901002503e+01 8.691478563084664710e-03
7.448437500000000266e-01 -3.289062499999999972e-02 -1.242858091101139983e-01 3.504981329011780389e-01 1.923548024699817205e+01 1.450444030074944735e+01 8.537058949779959688e-03
7.499218750000000711e-01 -3.328124999999999833e-02 -1.276300595707491325e-01 3.483698948479219126e-01 1.921212415468341206e+01 1.456575152809767992e+01 8.665581293912366992e-03
7.595312499999999911e-01 -3.265624999999999778e-02 -1.254836943946568972e-01 3.434284005827459296e-01 1.931691564301176811e+01 1.452744620056882319e+01 8.685868102929461196e-03
7.707812499999999734e-01 -3.218750000000000083e-02 -1.262338902640713911e-01 3.400401290666543730e-01 1.916499854372759515e+01 1.440930393507519902e+01 8.850871492360256471e-03
7.793750000000000400e-01 -3.320312500000000000e-02 -1.276846787854668541e-01 3.404551258684440640e-01 1.934866526658773722e+01 1.458295251542350357e+01 8.691273099299710175e-03
7.877343749999999867e-01 -3.539062500000000194e-02 -1.290046260844723847e-01 3.281647452179736746e-01 1.929217256144516668e+01 1.449191382441865805e+01 8.763601025085507659e-03
7.907812499999999911e-01 -3.328124999999999833e-02 -1.281224923719292974e-01 3.367114394029924185e-01 1.916237302496698547e+01 1.452715201239679921e+01 8.624135675507255822e-03
7.960937500000000444e-01 -3.390624999999999889e-02 -1.271305401980060701e-01 3.269922167705274774e-01 1.918178441144730328e+01 1.448945115373990866e+01 8.522238414792392830e-03
8.077343750000000044e-01 -3.515625000000000000e-02 -1.269281057495352805e-01 3.296913439993165440e-01 1.908880767652262378e+01 1.447100357634066015e+01 8.790007365761184216e-03
8.178125000000000533e-01 -3.476562500000000139e-02 -1.286988485366014068e-01 3.259762660261067424e-01 1.916221223383271166e+01 1.445827197742744907e+01 8.531761319543144234e-03
8.189062500000000577e-01 -3.679687499999999972e-02 -1.325776736198602812e-01 3.222595340787171025e-01 1.930299881952828045e+01 1.446535481896658837e+01 8.802643936451332030e-03
8.347656250000000666e-01 -3.671875000000000139e-02 -1.314442384953373733e-01 3.232517743643414931e-01 1.910900810862858634e+01 1.454301993283216277e+01 8.613985847173363797e-03
8.426562499999999956e-01 -3.460937499999999778e-02 -1.300786222453553798e-01 3.137605161114276342e-01 1.923527743796317679e+01 1.448493550986466794e+01 8.639596435529989932e-03
8.492187500000000222e-01 -3.929687500000000194e-02 -1.318876326146245503e-01 3.134549684246534795e-01 1.918048506764460370e+01 1.446853441331075807e+01 8.419197161543471100e-03
8.603906249999999645e-01 -3.820312499999999750e-02 -1.317375399835118976e-01 3.028309473793511231e-01 1.913706504090725602e+01 1.451739186553178840e+01 8.553001523436919856e-03
8.672656250000000400e-01 -3.765625000000000222e-02 -1.288957561713988120e-01 3.038159043281751792e-01 1.913240790138478786e+01 1.437633052610769546e+01 8.392666094140511374e-03
8.827343750000000711e-01 -3.921875000000000361e-02 -1.336312032156228291e-01 3.036576690499837028e-01 1.916941579529989070e+01 1.443894254578926706e+01 8.390251630001434313e-03
8.907031250000000400e-01 -3.859375000000000305e-02 -1.320263873376359420e-01 2.960151295968715957e-01 1.910272433783007529e+01 1.439172597990910241e+01 8.320270466341277496e-03
8.935156250000000355e-01 -3.835937500000000111e-02 -1.318390773292654750e-01 2.937084612818274820e-01 1.931422852931722645e+01 1.450369526509527418e+01 8.258212433900215255e-03
8.995312500000000044e-01 -4.156250000000000222e-02 -1.345440676458031781e-01 3.004321231624862421e-01 1.929908138641697235e+01 1.446423199553473182e+01 8.298933514708556683e-03
9.062500000000000000e-01 -4.125000000000000194e-02 -1.332752005427262354e-01 2.879688290950532803e-01 1.909377449213174671e+01 1.438087941402809200e+01 8.351755384098944260e-03
9.164843750000000178e-01 -4.085937500000000333e-02 -1.354439583887590004e-01 2.848302508844824388e-01 1.915593488388210019e+01 1.429919817580456431e+01 8.285064292325526603e-03
9.238281250000000000e-01 -3.835937500000000111e-02 -1.345340633223224280e-01 2.764159882472361218e-01 1.914024466426088722e+01 1.431687435386709240e+01 8.232801900158678160e-03
9.364062499999999956e-01 -3.828125000000000278e-02 -1.348348860161441287e-01 2.801627153715680052e-01 1.915396667887942073e+01 1.440547347544480772e+01 8.258709735420635342e-03
9.442968750000000355e-01 -3.906250000000000000e-02 -1.372999730141377661e-01 2.686865681758465740e-01 1.911056358801089416e+01 1.436710354360578634e+01 8.272632770721457390e-03
9.481249999999999956e-01 -4.070312499999999972e-02 -1.395107033209885827e-01 2.751491450262433247e-01 1.912782427710318345e+01 1.439386963034486300e+01 8.139994425876609374e-03
9.524218749999999734e-01 -4.000000000000000083e-02 -1.421271395752432554e-01 2.657541572222310577e-01 1.910997792644414162e+01 1.430621912612185120e+01 8.192538076066770147e-03
9.649218750000000400e-01 -4.382812500000000250e-02 -1.421614898247103298e-01 2.665376890733872628e-01 1.916529974985929385e+01 1.437630889187586192e+01 8.103007037268385171e-03
9.709375000000000089e-01 -4.343750000000000389e-02 -1.418364890299228520e-01 2.631408139586621786e-01 1.903175305987491228e+01 1.426256541017238177e+01 8.262925209357908571e-03
9.835937500000000444e-01 -4.203124999999999917e-02 -1.444474979983456642e-01 2.649301512008150894e-01 1.903285414631927708e+01 1.432690514572332496e+01 8.339684242773580738e-03
9.929687500000000666e-01 -4.804687500000000278e-02 -1.443059109129563033e-01 2.601678233922655181e-01 1.903611316698948386e+01 1.431105707007671946e+01 8.148851337384268451e-03
9.928124999999999867e-01 -4.640625000000000305e-02 -1.478640222170590768e-01 2.531775353840082232e-01 1.907328159270040047e+01 1.432396477364732235e+01 8.041906279651385089e-03
1.010234375000000018e+00 -5.164062500000000250e-02 -1.476550725865277691e-01 2.580522841855170668e-01 1.920084175504058166e+01 1.437983200546007367e+01 8.371838340189532296e-03
1.019374999999999920e+00 -5.328125000000000222e-02 -1.482667900158940455e-01 2.524896045773772357e-01 1.907440518951686670e+01 1.423388422057617220e+01 8.191026463969896046e-03
1.022578125000000115e+00 -6.132812500000000416e-02 -1.514550896437261152e-01 2.532943131314357998e-01 1.898026829061136667e+01 1.431440804886297968e+01 8.192115915213699778e-03
1.032265624999999964e+00 -6.218749999999999972e-02 -1.516677812356093114e-01 2.549711713288882464e-01 1.901563063949780030e+01 1.424704384432834559e+01 8.310051751916104623e-03
1.045546875000000098e+00 -7.484375000000000056e-02 -1.526411015490336531e-01 2.486096886866073774e-01 1.902177353913553048e+01 1.428766620573869162e+01 8.126058531439524571e-03
1.038593749999999982e+00 -8.140624999999999944e-02 -1.563164664311833540e-01 2.477819746925069566e-01 1.900854432693261487e+01 1.431060638615055325e+01 8.046589168578739334e-03
1.062500000000000000e+00 -9.390624999999999667e-02 -1.566295510921911216e-01 2.461691359530560064e-01 1.905266168180189013e+01 1.423480306397335760e+01 8.197753103177376696e-03
1.067890624999999982e+00 -1.067187500000000011e-01 -1.550454031564840740e-01 2.403171895512423717e-01 1.892332105696736377e+01 1.412324292424763250e+01 8.165197922404625677e-03
1.079062500000000036e+00 -1.212499999999999967e-01 -1.590780810571734705e-01 2.481985749745563297e-01 1.903279903513372417e+01 1.427517345675262028e+01 7.978761253743100329e-03
1.085234374999999973e+00 -1.377343749999999922e-01 -1.583054160430141799e-01 2.474290392104228076e-01 1.898175825465400735e+01 1.423808056810870326e+01 8.002008991475831681e-03
1.091406250000000133e+00 -1.550781250000000111e-01 -1.607505903824080207e-01 2.420858482717669347e-01 1.894397375315596932e+01 1.414914381276573963e+01 7.922028546290135753e-03
1.096171875000000018e+00 -1.764843749999999989e-01 -1.624858581139476676e-01 2.394394688027601248e-01 1.916973713877998264e+01 1.431722603714302444e+01 8.105864321517348287e-03
1.107421875000000000e+00 -1.939062500000000022e-01 -1.607262841280432397e-01 2.499238177868345900e-01 1.900758934417093471e+01 1.424788592466334691e+01 7.936222064598744477e-03
1.117265624999999929e+00 -2.217968750000000044e-01 -1.631035335670549813e-01 2.428536132758729593e-01 1.909015933832071710e+01 1.418718522066209076e+01 8.104475671960209571e-03
1.125468750000000018e+00 -2.409374999999999989e-01 -1.619159949655890607e-01 2.444278443195058159e-01 1.903221723313524194e+01 1.422910025518135768e+01 7.885040709837020170e-03
1.133437500000000098e+00 -2.700781250000000022e-01 -1.669453882663818334e-01 2.358460960357744440e-01 1.918317427314259405e+01 1.410937952314847088e+01 8.162572959248706392e-03
1.142578125000000000e+00 -2.947656250000000311e-01 -1.608693523208137854e-01 2.339834230885129429e-01 1.900521100115808082e+01 1.425944497044475945e+01 7.960237016314484701e-03
1.150078125000000062e+00 -3.180468750000000067e-01 -1.676966058986040231e-01 2.347587575078247113e-01 1.897805462962457312e+01 1.422570568373335220e+01 7.873278508262941330e-03
1.165312499999999973e+00 -3.424218749999999867e-01 -1.670410593609061856e-01 2.419423282243648998e-01 1.914038669627500866e+01 1.412157358791525041e+01 7.956798686839263585e-03
1.169296875000000124e+00 -3.696093750000000178e-01 -1.665484408443829167e-01 2.320042503399566414e-01 1.917204499779158056e+01 1.442680928437754240e+01 8.072835589814128521e-03
1.170781250000000107e+00 -3.867968749999999845e-01 -1.663414944192309619e-01 2.324617689357433292e-01 1.920894508005889989e+01 1.416321581747605229e+01 7.952926782185353732e-03
1.181796875000000080e+00 -4.106250000000000178e-01 -1.640156478894927439e-01 2.362209033912820999e-01 1.923771132432979769e+01 1.424527191467841369e+01 7.849594377743332810e-03
1.196562499999999973e+00 -4.257812500000000000e-01 -1.661340133364830329e-01 2.326980917428000950e-01 1.918636474789520463e+01 1.430235744183482005e+01 7.944247929405250444e-03
1.199531249999999938e+00 -4.425000000000000044e-01 -1.690601653906220747e-01 2.305823180657862181e-01 1.921453047655958812e+01 1.430084877052207126e+01 7.978034800178395933e-03
1.212343750000000053e+00 -4.532031249999999845e-01 -1.681051860597526648e-01 2.357407357594931696e-01 1.889724633681368005e+01 1.421803249252955936e+01 7.753386442427937300e-03
1.216328124999999982e+00 -4.550000000000000155e-01 -1.716540405555355697e-01 2.394168648438999014e-01 1.919322119151420480e+01 1.429119636315749453e+01 7.969382447739750339e-03
1.207187500000000080e+00 -3.931250000000000022e-01 -1.680686369297079708e-01 2.300629276904775367e-01 1.906786530858550677e+01 1.419452680430897296e+01 8.286092769631124566e-03
1.204453125000000124e+00 -3.503125000000000266e-01 -1.734160650642913026e-01 2.282356581496225445e-01 1.911749869776961575e+01 1.411475530407261481e+01 8.176836657415427478e-03
1.194609374999999973e+00 -3.105468750000000000e-01 -1.674117925918983119e-01 2.365058492545868418e-01 1.910845495196526400e+01 1.414964371411437938e+01 7.854834962619506450e-03
1.187187500000000062e+00 -2.763281249999999800e-01 -1.723757120969837686e-01 2.355071467367242377e-01 1.915572085605473873e+01 1.422239085421617055e+01 8.142906677174391317e-03
1.175781250000000000e+00 -2.479687500000000155e-01 -1.699885431141079373e-01 2.302895849644492898e-01 1.928216147008823000e+01 1.421520644255155652e+01 8.139152706304017201e-03
1.173593749999999991e+00 -2.252343750000000144e-01 -1.707536260175501752e-01 2.263371015033266431e-01 1.919304570503780027e+01 1.422336143958636967e+01 7.942277824603573982e-03
1.160937499999999956e+00 -2.020312499999999956e-01 -1.734679795772797739e-01 2.323445955535463625e-01 1.922352022010567296e+01 1.427091032988029795e+01 7.974683076440367696e-03
1.143984375000000053e+00 -1.815625000000000155e-01 -1.693939421312462557e-01 2.304771975198516287e-01 1.903950144033414205e+01 1.417207974728623299e+01 8.133451201002105460e-03
1.146406250000000071e+00 -1.631249999999999922e-01 -1.682159102918800997e-01 2.348174474621433916e-01 1.902761131266724348e+01 1.418585539957037334e+01 8.209146873535360864e-03
1.135468750000000027e+00 -1.437500000000000167e-01 -1.703420956491563665e-01 2.321999162129717575e-01 1.910017653549924077e+01 1.418612586092423378e+01 7.950961758475054778e-03
1.128125000000000044e+00 -1.322656249999999978e-01 -1.715952603685177991e-01 2.375228586021238542e-01 1.917283716850479180e+01 1.406610949170581826e+01 8.051126136475421705e-03
1.119453124999999938e+00 -1.160156249999999972e-01 -1.688408861945989159e-01 2.263920615501291422e-01 1.919495682729226971e+01 1.420524974236078997e+01 8.078882718014695347e-03
1.111874999999999947e+00 -1.059375000000000039e-01 -1.728646278482792731e-01 2.265539723020015828e-01 1.909972500538800944e+01 1.419506456572535136e+01 8.120977564966980894e-03
1.104218750000000027e+00 -9.281250000000000611e-02 -1.692855313199070899e-01 2.325456800134739765e-01 1.916817446339719311e+01 1.421974524019319830e+01 8.174955920952927876e-03
1.094843750000000115e+00 -8.578125000000000333e-02 -1.703281974849590874e-01 2.315860355617260780e-01 1.916204477748656032e+01 1.431616219317752936e+01 8.132927108796180263e-03
1.089765625000000071e+00 -7.718750000000000611e-02 -1.703302501242731637e-01 2.344346999432866951e-01 1.912960234147781335e+01 1.422999425304530519e+01 8.150488038356072662e-03
1.080937500000000107e+00 -6.804687500000000666e-02 -1.695926283548754299e-01 2.298638454807599985e-01 1.906003399989650759e+01 1.430617106369455982e+01 8.315591736982945806e-03
1.080781250000000027e+00 -6.210937500000000139e-02 -1.696639534714994291e-01 2.343597737503699818e-01 1.913947068503130922e+01 1.423601926368926485e+01 8.023818576477902142e-03
1.063203125000000027e+00 -5.695312500000000028e-02 -1.702223535569147295e-01 2.369570004681742503e-01 1.916732881283392587e+01 1.414053973503928141e+01 8.258109474100943856e-03
1.058203124999999911e+00 -5.351562500000000416e-02 -1.702250498587964955e-01 2.345235789094735068e-01 1.920531259434823212e+01 1.425711056959877254e+01 8.057433541935745541e-03
1.056875000000000009e+00 -4.960937500000000416e-02 -1.671852089885073056e-01 2.316491514616325631e-01 1.920873956323688247e+01 1.425704111843801059e+01 8.084659940321545571e-03
1.041171875000000080e+00 -4.531249999999999861e-02 -1.714289315412842463e-01 2.344572088156748890e-01 1.938089750650913246e+01 1.426392473869927002e+01 8.289705534579749902e-03
1.022656250000000044e+00 -4.546875000000000222e-02 -1.697187408308709067e-01 2.345746708625418009e-01 1.921686829265147978e+01 1.420869423241253315e+01 8.158275552550622867e-03
1.029453125000000080e+00 -4.335937499999999861e-02 -1.666667040648106557e-01 2.341813554284755128e-01 1.914660583850071163e+01 1.426173463786868290e+01 8.045991687646046608e-03
1.014531250000000107e+00 -4.007812499999999917e-02 -1.703466665057495888e-01 2.394197455126478857e-01 1.916478059171559423e+01 1.423912873148693770e+01 8.090651424327339677e-03
1.005000000000000115e+00 -4.039062499999999944e-02 -1.701619695196887605e-01 2.388938281782770900e-01 1.917029642228797215e+01 1.432006782040183523e+01 8.052957314236200773e-03
9.976562500000000222e-01 -3.726562500000000361e-02 -1.670161774490863671e-01 2.398147717196819073e-01 1.908075108747251036e+01 1.428037920761101454e+01 8.051009069828345827e-03
9.928906250000000266e-01 -3.562500000000000389e-02 -1.716880248907259876e-01 2.400921578746162410e-01 1.910003705427146414e+01 1.428611894690409478e+01 8.203967764546449964e-03
9.789062499999999778e-01 -3.585937499999999889e-02 -1.703464133290921723e-01 2.498658139429732472e-01 1.904645942547904625e+01 1.420253979938968669e+01 8.223981254631045415e-03
9.717968750000000044e-01 -3.343750000000000194e-02 -1.703893415515023158e-01 2.468677251525663863e-01 1.907306504206795239e+01 1.430260765735817863e+01 7.932769371069743614e-03
9.678125000000000755e-01 -3.531250000000000361e-02 -1.695664217651438044e-01 2.464006484053538060e-01 1.893143423372503165e+01 1.420623190656186985e+01 8.026682121236168935e-03
9.598437499999999956e-01 -3.453124999999999944e-02 -1.696600278629389891e-01 2.478406715487713186e-01 1.910678562328038765e+01 1.413352659747667950e+01 8.153568508564544570e-03
9.446875000000000133e-01 -3.234374999999999750e-02 -1.702916001344978447e-01 2.444358462295070922e-01 1.902757945675144313e+01 1.428863495808163364e+01 7.945573748621077501e-03
9.380468750000000577e-01 -3.156250000000000028e-02 -1.713981148293464152e-01 2.469099227875970470e-01 1.900037513766792330e+01 1.420512716414343757e+01 7.889862434170870353e-03
9.392187499999999911e-01 -3.421874999999999917e-02 -1.681060697650393898e-01 2.494304782388878650e-01 1.907816105300666010e+01 1.423329841624662606e+01 7.938400428154544775e-03
9.250000000000000444e-01 -3.101562500000000153e-02 -1.693546436194903748e-01 2.486514457417543511e-01 1.905156741686487365e+01 1.429484576460308531e+01 8.231076175907478185e-03
9.090624999999999956e-01 -3.125000000000000000e-02 -1.675757581524273121e-01 2.577088630152823967e-01 1.893437231101028573e+01 1.437711381340232997e+01 8.061400480589054479e-03
9.082812500000000400e-01 -3.164062499999999861e-02 -1.684348081370412586e-01 2.517705223367583400e-01 1.910413034062256088e+01 1.431559196198872996e+01 8.152637792098000810e-03
8.999218749999999822e-01 -3.054687500000000111e-02 -1.696118190286144412e-01 2.575473677564721342e-01 1.904848430655725622e+01 1.425193651932957906e+01 7.980683567648779245e-03
8.942968749999999911e-01 -3.203124999999999722e-02 -1.665686660194398705e-01 2.574505643609503736e-01 1.914948149645002218e+01 1.434136067221272981e+01 7.969129726806876979e-03
8.829687499999999689e-01 -2.882812499999999958e-02 -1.696359661020330201e-01 2.612767769952339947e-01 1.907394358763680486e+01 1.426968034280668007e+01 8.150180344562715090e-03
8.796093750000000266e-01 -2.929687500000000000e-02 -1.698878512869206325e-01 2.624616935856805000e-01 1.902002436836428600e+01 1.421449742584946563e+01 8.373586356672563583e-03
8.619531249999999867e-01 -2.789062500000000222e-02 -1.709458256302309742e-01 2.702790911712105171e-01 1.898843772761454929e+01 1.426219151380160710e+01 8.227427591308929603e-03
8.575781249999999689e-01 -2.687499999999999958e-02 -1.678991417977448997e-01 2.745206131398392202e-01 1.897625576427467919e+01 1.416516100611831952e+01 8.356689559188057448e-03
8.564062500000000355e-01 -2.804687499999999889e-02 -1.664379002351057402e-01 2.684466996045298259e-01 1.908495553163330527e+01 1.431390201472836665e+01 8.483644884026388805e-03
8.373437500000000533e-01 -2.953125000000000194e-02 -1.686809604314554178e-01 2.681835034674007190e-01 1.898386844123944073e+01 1.424861872366483873e+01 8.358521979726375381e-03
8.362500000000000488e-01 -2.804687499999999889e-02 -1.644371912786768419e-01 2.689200238360278661e-01 1.910296820699410603e+01 1.438359959608223626e+01 8.259304264281539659e-03
8.223437500000000400e-01 -2.945312500000000014e-02 -1.671606119880930663e-01 2.805682712104573540e-01 1.899944952393888187e+01 1.427083590759760945e+01 8.564433671872331844e-03
8.200000000000000622e-01 -2.898437499999999972e-02 -1.632332598197616669e-01 2.756490932587896125e-01 1.909940080166404286e+01 1.436172688067844838e+01 8.419654533969679611e-03
8.042968750000000222e-01 -2.703124999999999972e-02 -1.628220869045349239e-01 2.910565617379790027e-01 1.910013625976565521e+01 1.438727760693709001e+01 8.738257589613697418e-03
8.061718749999999822e-01 -2.781250000000000042e-02 -1.654480187747275899e-01 2.939319964609499181e-01 1.907312295407690428e+01 1.439751309379545852e+01 8.592328965730757287e-03
7.983593749999999822e-01 -2.960937500000000028e-02 -1.663921181208283251e-01 2.868295942703324997e-01 1.903776373741842676e+01 1.424440464159767927e+01 8.455191141811167765e-03
7.861718749999999645e-01 -2.835937499999999917e-02 -1.637085818740113830e-01 2.928981596322710601e-01 1.898744505778577008e+01 1.431479181066980821e+01 8.231597210322979738e-03
7.757031250000000488e-01 -2.757812500000000194e-02 -1.626480472503688546e-01 2.900479384983611908e-01 1.906343703688912683e+01 1.437001031138392548e+01 8.441463819328394805e-03
7.640624999999999778e-01 -2.859375000000000111e-02 -1.649600550529872756e-01 2.945062958637389983e-01 1.914959543314445156e+01 1.440932040877694753e+01 8.421062702090312962e-03
7.592187500000000533e-01 -2.914062499999999986e-02 -1.616402157504470694e-01 3.005210475778952173e-01 1.909697471231452681e+01 1.440036615638854833e+01 8.268345699395938594e-03
7.514843749999999822e-01 -2.781250000000000042e-02 -1.628738276118646411e-01 2.934940786664119727e-01 1.911190871517795387e+01 1.436820852723266562e+01 8.456820376793221933e-03
7.556249999999999911e-01 -2.929687500000000000e-02 -1.622921410801225761e-01 3.029820351288181612e-01 1.911470598614734939e+01 1.439281643617441553e+01 8.428713319342376331e-03
7.272656250000000266e-01 -2.906250000000000153e-02 -1.616695501401199664e-01 3.078782486869435786e-01 1.914745812232512279e+01 1.436731017238855301e+01 8.628247959038524290e-03
7.260937499999999822e-01 -2.664062500000000111e-02 -1.608881044736443222e-01 3.121783330838789894e-01 1.913434139363284103e+01 1.438265165161647730e+01 8.314322898144372101e-03
7.129687500000000400e-01 -2.546875000000000180e-02 -1.619318386619439387e-01 3.081292120958867287e-01 1.904039826231448274e+01 1.445012259905071161e+01 8.287114171302874602e-03
7.108593749999999600e-01 -2.726562500000000167e-02 -1.583345867941066132e-01 3.134830376946062813e-01 1.914544371671108181e+01 1.434758068688676858e+01 8.702594552756907215e-03
6.987499999999999822e-01 -2.843750000000000097e-02 -1.586000810164578390e-01 3.161869933306471481e-01 1.911300131669601043e+01 1.441371013642509524e+01 8.285726739555757114e-03
6.898437499999999778e-01 -2.773437500000000208e-02 -1.592259729591427586e-01 3.138546842847311780e-01 1.912296494957952930e+01 1.437245443318247062e+01 8.645882301788428148e-03
6.827343750000000044e-01 -2.484375000000000125e-02 -1.588996278326981759e-01 3.196940784466528740e-01 1.925117450431883981e+01 1.449506634037032704e+01 8.552504662566965538e-03
6.817968749999999689e-01 -2.695312500000000139e-02 -1.584783269126033289e-01 3.272241876406845051e-01 1.908086523442513993e+01 1.445208558199410831e+01 8.494193320257139093e-03
6.664843750000000178e-01 -2.648437500000000097e-02 -1.558691657618793691e-01 3.262867318579942832e-01 1.912361948266482869e+01 1.429739181048292807e+01 8.604235528501223695e-03
6.578906250000000622e-01 -2.664062500000000111e-02 -1.553550183241880767e-01 3.296874884463951716e-01 1.926207721886622437e+01 1.447854873460460112e+01 8.837724192070775878e-03
6.570312500000000666e-01 -2.570312500000000028e-02 -1.541674870844111922e-01 3.311120111961107781e-01 1.916938520930540690e+01 1.446119005055780882e+01 8.515126904767628471e-03
6.439843750000000533e-01 -2.460937499999999931e-02 -1.555433443149900619e-01 3.314809759646264453e-01 1.916665214130298267e+01 1.444500753803438897e+01 8.562742923277345125e-03
6.379687499999999734e-01 -2.687499999999999958e-02 -1.534082846179951609e-01 3.350737150630500594e-01 1.917822712766712812e+01 1.443842946093034740e+01 8.547898565520279865e-03
6.293750000000000178e-01 -2.726562500000000167e-02 -1.517270331062081645e-01 3.333626625062313664e-01 1.931030961206213803e+01 1.449082829568329345e+01 8.506101773882637079e-03
6.200781250000000355e-01 -2.601562500000000056e-02 -1.501501782090963744e-01 3.490114124112153604e-01 1.925010165591656630e+01 1.450711573403334498e+01 8.512820015824571623e-03
6.124218750000000044e-01 -2.601562500000000056e-02 -1.466304709767940473e-01 3.509864220125225032e-01 1.927308116306039310e+01 1.449354006096688252e+01 8.679417520601273930e-03
6.015625000000000000e-01 -2.515625000000000153e-02 -1.509255967365952245e-01 3.511731076838886523e-01 1.924155474241215202e+01 1.452782614211750634e+01 8.737124136436702840e-03
5.916406250000000311e-01 -2.335937500000000167e-02 -1.509921424187599115e-01 3.607333948413060654e-01 1.934528912422286950e+01 1.453700571288697319e+01 8.764626809993777967e-03
5.799999999999999600e-01 -2.585937500000000042e-02 -1.473415196358907053e-01 3.605256528228295565e-01 1.919031545344931544e+01 1.455215453367478595e+01 8.591880422643704412e-03
5.741406249999999600e-01 -2.578125000000000208e-02 -1.449823878306166769e-01 3.567963225360015755e-01 1.930934649211832976e+01 1.455112186029606569e+01 8.787657515057709090e-03
5.640625000000000222e-01 -2.648437500000000097e-02 -1.459976132500151458e-01 3.648832813072599990e-01 1.918582530398027330e+01 1.463996287612527247e+01 8.729225839515979482e-03
5.617968749999999734e-01 -2.453125000000000097e-02 -1.438773579815366688e-01 3.690154661979860862e-01 1.933977768159927990e+01 1.448001522134182828e+01 8.567133730034851360e-03
5.472656249999999778e-01 -2.531250000000000167e-02 -1.403378420468670562e-01 3.711305791677332877e-01 1.921390726688515826e+01 1.459831908573156589e+01 8.706319511745800807e-03
5.410156250000000000e-01 -2.492187499999999958e-02 -1.424039439647417638e-01 3.709443412816870733e-01 1.914000901258347653e+01 1.454117633204597837e+01 8.759436526438877518e-03
5.279687499999999867e-01 -2.421875000000000069e-02 -1.390690203445177353e-01 3.799526674605147036e-01 1.923435719687507728e+01 1.460956668298478256e+01 8.783867006514527523e-03
5.236718750000000089e-01 -2.546875000000000180e-02 -1.392232635170853605e-01 3.846445606654036453e-01 1.914349922006636007e+01 1.459454585562867557e+01 8.812429254466550357e-03
5.120312500000000488e-01 -2.359375000000000014e-02 -1.403519163905575518e-01 3.908466467128057786e-01 1.940773741457621782e+01 1.470485362769326443e+01 9.021168945970952160e-03
5.142968749999999867e-01 -2.578125000000000208e-02 -1.378925327051527816e-01 3.839460200474542617e-01 1.922693924268769550e+01 1.459381355122440738e+01 8.669766925301830574e-03
5.046093750000000266e-01 -2.437500000000000083e-02 -1.360417432807792260e-01 3.985922517093065665e-01 1.930848489593275019e+01 1.470055523660227159e+01 9.035076770363649132e-03
4.892187500000000355e-01 -2.210937500000000056e-02 -1.354242481662382147e-01 4.021905705536177322e-01 1.922975408309631362e+01 1.467620107024892739e+01 8.893323585106678239e-03
4.839062500000000377e-01 -2.296874999999999958e-02 -1.330435522696404860e-01 4.037553205901378561e-01 1.917533541036812395e+01 1.457994983026511093e+01 8.834329877379743651e-03
4.860156250000000067e-01 -2.445312499999999917e-02 -1.311181166239849816e-01 4.056727423849659786e-01 1.921432329693676877e+01 1.456206732271990845e+01 9.048994477888401902e-03
4.671875000000000333e-01 -2.359375000000000014e-02 -1.301645042998789137e-01 4.142091002896197693e-01 1.912674002939104767e+01 1.468310403421882882e+01 8.744490029538583981e-03
4.517187500000000022e-01 -2.398437500000000222e-02 -1.289459959719518878e-01 4.127440438419727187e-01 1.920051630037849577e+01 1.470025940422752875e+01 8.853011047963432745e-03
4.568750000000000311e-01 -2.343750000000000000e-02 -2.072740650224225156e-01 3.455742203934519807e-01 1.871410303574703349e+01 1.452174232850251556e+01 5.586740288213881342e-03
4.446875000000000133e-01 -2.460937499999999931e-02 -2.146169969370115282e-01 3.500733429036673172e-01 1.857517079448532726e+01 1.465675050796940937e+01 4.636950421642461323e-03
4.344531249999999956e-01 -2.445312499999999917e-02 -2.087386985186179267e-01 3.461875534292113699e-01 1.864957987858264232e+01 1.446815545450045448e+01 5.007057525461942708e-03
4.266406249999999956e-01 -2.312499999999999972e-02 -1.796461738798993402e-01 3.568871860975431076e-01 1.871400471152686862e+01 1.439855437444073516e+01 4.336611895333983800e-03
4.251562500000000133e-01 -2.218749999999999889e-02 -1.242386246718463205e-01 4.269923223546356894e-01 1.948728872460513983e+01 1.480967082111909860e+01 3.067441384140081034e-03
4.084375000000000089e-01 -2.148437500000000000e-02 -9.421866906980103096e-02 4.937264546293507195e-01 1.852976198981338030e+01 1.439994462094381333e+01 8.908280469881559634e-04
3.993750000000000355e-01 -2.375000000000000028e-02 -2.020444697458101402e-02 5.222820152454454856e-01 1.615310454497162596e+01 1.447622577638964536e+01 5.454169186397438748e-04
3.979687499999999822e-01 -2.328124999999999986e-02 9.294087112707849485e-02 2.753456714645219350e-01 2.843600864754248292e+01 1.598270185889635009e+01 2.383903908558100920e-04
3.857031250000000355e-01 -2.453125000000000097e-02 4.686975739587317946e-02 7.318038424854789170e-01 1.728567136187874098e+01 1.813534592885535091e+01 3.264837460993134325e-04
3.978906249999999978e-01 -2.632812500000000083e-02 -1.486230588608750125e-02 5.067824526333808421e-01 1.439976536081946890e+01 1.397597286973560493e+01 5.024407856107670264e-04
4.071875000000000355e-01 -2.523437499999999986e-02 -1.783281427679694886e-02 4.467757038687958371e-01 1.819289825898024304e+01 1.384156168137417353e+01 3.341657426607630562e-04
4.162500000000000089e-01 -2.578125000000000208e-02 -7.857188810727055994e-02 5.204009259063058224e-01 1.808734962584541961e+01 1.326518737851957219e+01 8.122832590195815149e-04
4.255468749999999911e-01 -2.679687500000000125e-02 -8.825727397701044197e-02 4.538375757364265795e-01 1.879991446470031491e+01 1.451062132918435488e+01 1.739522892163139879e-03
4.344531249999999956e-01 -2.703124999999999972e-02 -1.091494443780760548e-01 4.468447046888313068e-01 1.905025928911686606e+01 1.477744862235612189e+01 2.585429237163754113e-03
4.408593749999999978e-01 -2.765625000000000028e-02 -1.103169101687728748e-01 4.619670275579634833e-01 1.903607652240530257e+01 1.474305855833503998e+01 3.966165008934631475e-03
4.481249999999999956e-01 -2.718749999999999986e-02 -1.084662896562060830e-01 4.471590902579647420e-01 1.909850967626586282e+01 1.476439484500341059e+01 5.105892717820664783e-03
4.664062500000000222e-01 -2.773437500000000208e-02 -1.121346979312987102e-01 4.445189517962466752e-01 1.917409651675882643e+01 1.475110097590764902e+01 6.094499666103853248e-03
4.590624999999999845e-01 -2.585937500000000042e-02 -1.079213730770245405e-01 4.510532720563009690e-01 1.931828302306955436e+01 1.482284358829068793e+01 6.947706187396531126e-03
4.751562500000000022e-01 -2.726562500000000167e-02 -1.079703668392162363e-01 4.402652588019861923e-01 1.910726268927034255e+01 1.474778224801193183e+01 7.587512914743181625e-03
4.757812499999999889e-01 -2.789062500000000222e-02 -1.114983844805572666e-01 4.376525446905699113e-01 1.928598655968859532e+01 1.478312010608790850e+01 7.994303763971475837e-03
4.862500000000000155e-01 -2.906250000000000153e-02 -1.134943521614806272e-01 4.352269311107326288e-01 1.928372995405178969e+01 1.476612745359640044e+01 8.246160488122508334e-03
4.857812499999999978e-01 -2.921875000000000167e-02 -1.109481065137085665e-01 4.386626586468933553e-01 1.939451860468403765e+01 1.487177811839765695e+01 8.562173521857384742e-03
5.025781249999999867e-01 -2.757812500000000194e-02 -1.137645081274230030e-01 4.347537273583945705e-01 1.932704804651625707e+01 1.469056006641501710e+01 8.208733439719229086e-03
5.112499999999999822e-01 -2.890625000000000139e-02 -1.132805284469795559e-01 4.298939366333520695e-01 1.922374215431350919e+01 1.468956431334201618e+01 8.450953438224878891e-03
5.236718750000000089e-01 -2.835937499999999917e-02 -1.148236095923627076e-01 4.320838055074327499e-01 1.935399051523928549e+01 1.475705518760257995e+01 8.502110082668847685e-03
5.373437500000000089e-01 -2.773437500000000208e-02 -1.148143222015951537e-01 4.287678845551923246e-01 1.928786782448656467e+01 1.467463296406456763e+01 8.370990975787766589e-03
5.450781249999999689e-01 -2.859375000000000111e-02 -1.176042705621105355e-01 4.280330518199315648e-01 1.917458805965088331e+01 1.466441544328451840e+01 8.367477784763358364e-03
5.492968750000000178e-01 -2.867187499999999944e-02 -1.139891637212397946e-01 4.147606753287069736e-01 1.922007254579393631e+01 1.480271834212412507e+01 8.557612058874031549e-03
5.596093749999999645e-01 -3.101562500000000153e-02 -1.160481256384904292e-01 4.179263416137501963e-01 1.920499088396936216e+01 1.474821000961340545e+01 8.529999142732842821e-03
5.600781249999999822e-01 -3.015624999999999903e-02 -1.181178887055267523e-01 4.180089014407029069e-01 1.920633361576561171e+01 1.479975829189486625e+01 8.641698241658625143e-03
5.709374999999999867e-01 -2.921875000000000167e-02 -1.156175084403132658e-01 4.107515871617284375e-01 1.933216422179447846e+01 1.464356591651647754e+01 8.660287556749263899e-03
5.861718750000000089e-01 -2.914062499999999986e-02 -1.110896348394785349e-01 4.025479093646255890e-01 1.923680473838093263e+01 1.467489456633709111e+01 8.535127191327141621e-03
5.923437500000000577e-01 -3.054687500000000111e-02 -1.177582413397382233e-01 3.998196865103720299e-01 1.929228124756393825e+01 1.467883988163747233e+01 8.574135130362212434e-03
6.014062500000000311e-01 -2.984375000000000222e-02 -1.153688619116577385e-01 3.979520177694428895e-01 1.932978284154625825e+01 1.456450328305197317e+01 8.713894503904843006e-03
6.132812500000000000e-01 -2.992187500000000056e-02 -1.137172494316107674e-01 3.971999977234519363e-01 1.943938553656064983e+01 1.470101643940243008e+01 8.777417974461595648e-03
6.144531250000000444e-01 -3.054687500000000111e-02 -1.161837856152647674e-01 3.954829651569014004e-01 1.926153758525782678e+01 1.464102486683400528e+01 8.571481992745320563e-03
6.257031250000000266e-01 -2.929687500000000000e-02 -1.165568824017526595e-01 3.920371753746598742e-01 1.925467446062921439e+01 1.466728485693699113e+01 8.523238011756660570e-03
6.259375000000000355e-01 -3.078124999999999958e-02 -1.181970253055664166e-01 3.826466266878991718e-01 1.927676169423962449e+01 1.462025596782816628e+01 8.665349467532520653e-03
6.361718750000000533e-01 -3.210937500000000250e-02 -1.184163655482350919e-01 3.896122682162550532e-01 1.932238756954340175e+01 1.464591639942367074e+01 8.419770968491835372e-03
6.535156250000000444e-01 -2.992187500000000056e-02 -1.195341318849796330e-01 3.906355053542309719e-01 1.930932256353329990e+01 1.457787456512502544e+01 8.277189776102750543e-03
6.593750000000000444e-01 -3.171875000000000389e-02 -1.196428033905183597e-01 3.778873391205195276e-01 1.933714699728261621e+01 1.458318912018295421e+01 8.408470634555601994e-03
6.667187500000000266e-01 -3.195312499999999889e-02 -1.191640789235504094e-01 3.659438007346027533e-01 1.935875423801271111e+01 1.459791890375339385e+01 8.466941925895176899e-03
6.806250000000000355e-01 -3.070312500000000125e-02 -1.199555799763829533e-01 3.741368238711517691e-01 1.921653030903187798e+01 1.457872773085903972e+01 8.346291509220688659e-03
6.828125000000000444e-01 -2.968750000000000208e-02 -1.190891659094583943e-01 3.662052583860653243e-01 1.928906716862575266e+01 1.456415535029126218e+01 8.295913444030513992e-03
6.864062499999999956e-01 -3.015624999999999903e-02 -1.204112327822026707e-01 3.611327137468922643e-01 1.924602315022285737e+01 1.468429046059924303e+01 8.274468935060700844e-03
6.933593750000000000e-01 -3.187500000000000056e-02 -1.211696379312177108e-01 3.654151546508943582e-01 1.929973132571730687e+01 1.464007222864783841e+01 8.236657541404760960e-03
7.049999999999999600e-01 -3.156250000000000028e-02 -1.225562920480705031e-01 3.617809801917504231e-01 1.934193154232814749e+01 1.461261041218980594e+01 8.146272661324938796e-03
7.185937500000000311e-01 -3.242187500000000278e-02 -1.202519421371395225e-01 3.597639971212540644e-01 1.920644217648601071e+01 1.458482780638229137e+01 8.216471502168391436e-03
7.270312500000000178e-01 -3.265624999999999778e-02 -1.199017542230951250e-01 3.582593648635556960e-01 1.912425959495343619e+01 1.450805816187449260e+01 8.257397394086398584e-03
7.349218750000000577e-01 -3.304687500000000333e-02 -1.262612687636610609e-01 3.593745218412269793e-01 1.922128566350580314e+01 1.456066076541880072e+01 8.105517842279570326e-03
7.463281250000000089e-01 -3.171875000000000389e-02 -1.199316940816985699e-01 3.441386621102049403e-01 1.920671750009969259e+01 1.449100986161561444e+01 8.127372401769580174e-03
7.512499999999999734e-01 -3.203124999999999722e-02 -1.223043797532352706e-01 3.491260810678076254e-01 1.930935752206399769e+01 1.450445566002273701e+01 8.145428004829303320e-03
7.603906249999999867e-01 -3.273437500000000305e-02 -1.224111799450144922e-01 3.379950971297951412e-01 1.924895727163898940e+01 1.454771846159180093e+01 8.232786922153165210e-03
7.671875000000000222e-01 -3.171875000000000389e-02 -1.227437061971148324e-01 3.451397049801130379e-01 1.927855349035067789e+01 1.460967931066481285e+01 8.252111350321538613e-03
7.664843749999999956e-01 -3.296874999999999806e-02 -1.251131718718712094e-01 3.360130508913927727e-01 1.921160876119200722e+01 1.442750389210953976e+01 8.136385324283694834e-03
7.724999999999999645e-01 -3.445312500000000111e-02 -1.237840431751235926e-01 3.284671542305606096e-01 1.916915012490791170e+01 1.447700745565168745e+01 7.919264502677578893e-03
7.892187499999999689e-01 -3.335937500000000361e-02 -1.260372333251158494e-01 3.359673319551781390e-01 1.925414003796497298e+01 1.448365200271788034e+01 7.962915450234744549e-03
7.949218750000000000e-01 -3.359374999999999861e-02 -1.246010773538697158e-01 3.249327683438441028e-01 1.919555859257268082e+01 1.439467836820730184e+01 7.621207619235951213e-03
8.055468749999999956e-01 -3.617187499999999917e-02 -1.234437596315807184e-01 3.254735012484522017e-01 1.921860330454224197e+01 1.435560254239231703e+01 7.302547527028624245e-03
8.177343750000000133e-01 -3.460937499999999778e-02 -1.270312152133024064e-01 3.211106882013314845e-01 1.924723476438207470e+01 1.448998056694670034e+01 7.106506153525564938e-03
8.172656249999999956e-01 -3.554687499999999861e-02 -1.243830315330263225e-01 3.183012551384978295e-01 1.924221754244740268e+01 1.444753607745025192e+01 6.565521797335798458e-03
8.296875000000000222e-01 -3.749999999999999861e-02 -1.248054792252761835e-01 3.134747679592875258e-01 1.915656645462125240e+01 1.440463476261148834e+01 6.416371649631152398e-03
8.429687500000000444e-01 -3.539062500000000194e-02 -1.283410299777520969e-01 3.106304869586740125e-01 1.915027167564721111e+01 1.437770811298488383e+01 5.836441416116662333e-03
8.537500000000000089e-01 -3.656249999999999778e-02 -1.309538318500003129e-01 3.049666763383251933e-01 1.922299037973765579e+01 1.430745733205233172e+01 5.562116796599667935e-03
8.717187499999999867e-01 -3.601562500000000250e-02 -1.310195545515480120e-01 3.047561598563897078e-01 1.910362496086546003e+01 1.440128876299717220e+01 5.480089306395578667e-03
8.626562500000000133e-01 -3.664062500000000305e-02 -1.301542897889751416e-01 2.939725324855757549e-01 1.904582629482857214e+01 1.428539037045832139e+01 5.307445349195342825e-03
8.699218750000000666e-01 -3.601562500000000250e-02 -1.287418227379988345e-01 3.005554941468258079e-01 1.908132243154476626e+01 1.421275063581899545e+01 5.149745553369304216e-03
8.767187499999999911e-01 -3.906250000000000000e-02 -1.320594439611744164e-01 3.014750961964463016e-01 1.890441635886558203e+01 1.426714719016395883e+01 5.132710615784006648e-03
8.895312499999999956e-01 -3.796875000000000250e-02 -1.305132410424958422e-01 2.848628452178258996e-01 1.913964469457313200e+01 1.455388001495482975e+01 5.224755302565510170e-03
8.990624999999999867e-01 -3.742187500000000028e-02 -1.308815570239207915e-01 2.933554996771059464e-01 1.907481341892025384e+01 1.413184292027422906e+01 5.391869248049128635e-03
9.072656249999999645e-01 -3.734375000000000194e-02 -1.336386600136796332e-01 2.846697129236908097e-01 1.893620708231860661e+01 1.420623264226905924e+01 5.564473220032788332e-03
9.104687500000000488e-01 -3.796875000000000250e-02 -1.319065727121926379e-01 2.728277762174657894e-01 1.901640394437528769e+01 1.430143348668476122e+01 5.598693044505844395e-03
9.219531250000000400e-01 -3.867187500000000139e-02 -1.358453764112477202e-01 2.781987678934783048e-01 1.913049415450291590e+01 1.421376441539159430e+01 6.207408053497808810e-03
9.289843749999999734e-01 -3.960937500000000222e-02 -1.344155793600143589e-01 2.762157486086103120e-01 1.895168362036114473e+01 1.431215588390476512e+01 6.497119347427230199e-03
9.387499999999999734e-01 -3.859375000000000305e-02 -1.331040358205526353e-01 2.700568325848973217e-01 1.923814795204764394e+01 1.431184838921961244e+01 6.788961040353913394e-03
9.494531250000000089e-01 -3.835937500000000111e-02 -1.398455767558592910e-01 2.624681408231799296e-01 1.897514397226631999e+01 1.425544159792099741e+01 7.454064140809973753e-03
9.513281249999999689e-01 -4.164062500000000056e-02 -1.407412228970783552e-01 2.636997992375045285e-01 1.902752879730906699e+01 1.431749610495914027e+01 7.823664975072384953e-03
9.719531249999999734e-01 -3.960937500000000222e-02 -1.421741561851819213e-01 2.641117559316841223e-01 1.906040608467646891e+01 1.423422718498896167e+01 8.123527880639420939e-03
9.699218750000000444e-01 -4.187500000000000250e-02 -1.465466539730231332e-01 2.671693294388433060e-01 1.901722790907338023e+01 1.423653098723013599e+01 8.407937775718687945e-03
9.848437500000000178e-01 -4.554687500000000056e-02 -1.496058773910902140e-01 2.638526944491736970e-01 1.902896070952144569e+01 1.436335718438747833e+01 8.633117330702454184e-03
9.877343750000000533e-01 -4.343750000000000389e-02 -1.563833878175491243e-01 2.695231376093287778e-01 1.909030621434253305e+01 1.423124963910182927e+01 8.858694668471852815e-03
9.938281250000000622e-01 -4.718750000000000028e-02 -1.575235843212952069e-01 2.594521365009150315e-01 1.909695604915491884e+01 1.432203853657720316e+01 8.871108273560317573e-03
1.004843750000000036e+00 -4.937500000000000222e-02 -1.607609943451548951e-01 2.648036336283521308e-01 1.897983729730802693e+01 1.431946485718369111e+01 9.110010582276409363e-03
1.005624999999999991e+00 -5.406249999999999944e-02 -1.635176526559645183e-01 2.550663662405083798e-01 1.901269085458577734e+01 1.420996549774434037e+01 8.962448066651848566e-03
1.025468749999999929e+00 -5.914062500000000222e-02 -1.659032024948992046e-01 2.657830867420774013e-01 1.899590481239872020e+01 1.430528875681456569e+01 9.091356308851434101e-03
1.027265625000000071e+00 -6.195312500000000472e-02 -1.648878080298010751e-01 2.562708805154079172e-01 1.903827650746865530e+01 1.428170252608984470e+01 9.139880369589894679e-03
1.035234374999999929e+00 -7.101562499999999889e-02 -1.669508040615608202e-01 2.609041575587278672e-01 1.899149256002409558e+01 1.425172634995427146e+01 9.085663662008197292e-03
1.046015625000000115e+00 -7.968750000000000833e-02 -1.669741380600719971e-01 2.557001788959789579e-01 1.900763038613164468e+01 1.422042557108442828e+01 9.014698534536248406e-03
1.063046874999999947e+00 -8.742187499999999611e-02 -1.681769226438478704e-01 2.472566191253022794e-01 1.904777778113484032e+01 1.428180479442793249e+01 9.062973132530190157e-03
1.061718750000000044e+00 -1.035937499999999983e-01 -1.696288538381551803e-01 2.461585704168101074e-01 1.896074002127151914e+01 1.431252468902884445e+01 9.036695418818515430e-03
1.076171875000000000e+00 -1.148437500000000083e-01 -1.707113294329820619e-01 2.445056776143372801e-01 1.891183438911036063e+01 1.425947526385977149e+01 8.930322614094380468e-03
1.072343749999999929e+00 -1.319531250000000044e-01 -1.715377227300751706e-01 2.499072625123277547e-01 1.896037059867841634e+01 1.415707806318508055e+01 8.735931343537790827e-03
1.090078125000000009e+00 -1.486718750000000089e-01 -1.710726268105200454e-01 2.433068119864323364e-01 1.900639168134416224e+01 1.423849184028214587e+01 8.725164868940519028e-03
1.108750000000000124e+00 -1.710937500000000167e-01 -1.710834488175771995e-01 2.508433310292934593e-01 1.893543789244911935e+01 1.424699350040732782e+01 8.739713137232606871e-03
1.110078125000000027e+00 -1.904687499999999922e-01 -1.714940677059684226e-01 2.486825011761784054e-01 1.896014878668106363e+01 1.417126307847035882e+01 8.672458756760020177e-03
1.114218750000000036e+00 -2.120312500000000044e-01 -1.723476414294600190e-01 2.388365524489843850e-01 1.916761818343785251e+01 1.419606936221507176e+01 8.575915042553637624e-03
1.128984374999999929e+00 -2.332031250000000111e-01 -1.653082254624793634e-01 2.338985026405282497e-01 1.916636724102739819e+01 1.420775911738558328e+01 8.679558971417974250e-03
1.131953125000000115e+00 -2.612499999999999822e-01 -1.676085477428368442e-01 2.368400545188054096e-01 1.916441931745688620e+01 1.427301218133286653e+01 8.322495183959810125e-03
1.145078124999999947e+00 -2.885937499999999822e-01 -1.673204821382556773e-01 2.318438012710366536e-01 1.908438122979417528e+01 1.426505860101775447e+01 8.468104517237928439e-03
1.151874999999999982e+00 -3.078906250000000289e-01 -1.673036523658688601e-01 2.340734807368294312e-01 1.911941509844732678e+01 1.409324491198327323e+01 8.291058908535264838e-03
1.159765625000000133e+00 -3.357031249999999911e-01 -1.703871512727550552e-01 2.291581954274368726e-01 1.899528683490838787e+01 1.421056309136495344e+01 8.262316997272584410e-03
1.162656249999999947e+00 -3.601562500000000111e-01 -1.690528574727179212e-01 2.318413130563357072e-01 1.907996432217820271e+01 1.424942791035284806e+01 8.303860947783767849e-03
1.177109375000000124e+00 -3.825781249999999911e-01 -1.655877961038276780e-01 2.324202545876508097e-01 1.903317792761919947e+01 1.430010744132755285e+01 8.126397736346787845e-03
1.190234374999999956e+00 -4.014843750000000044e-01 -1.699447067677550827e-01 2.425652809912248742e-01 1.907356107374317489e+01 1.417961281338252100e+01 8.264728309591174576e-03
1.190781250000000124e+00 -4.205468749999999867e-01 -1.682946791105588424e-01 2.327827826077877305e-01 1.912366070960912978e+01 1.420943520485337253e+01 8.263294816997520872e-03
1.200078125000000107e+00 -4.294531249999999911e-01 -1.673618377896701759e-01 2.352538431337869440e-01 1.914362419010165794e+01 1.425593231989307696e+01 8.099156951249245756e-03
1.204765625000000062e+00 -4.420312499999999867e-01 -1.685719782883676743e-01 2.329150961780435125e-01 1.930401508473763528e+01 1.423409412735543356e+01 8.236489043004474597e-03
1.215390624999999947e+00 -4.496093750000000333e-01 -1.642688390366631168e-01 2.260993674134903486e-01 1.914161687187633021e+01 1.412132409144495071e+01 8.091616435164218288e-03
1.220390625000000062e+00 -4.070312500000000111e-01 -1.690350983243882332e-01 2.346892417318890978e-01 1.905147511482746836e+01 1.426054538834602248e+01 7.934961833453737373e-03
1.211562500000000098e+00 -3.519531250000000333e-01 -1.682435909340362912e-01 2.274886600797110248e-01 1.915109405801175768e+01 1.414162700935005645e+01 8.006745258915048263e-03
1.199609375000000089e+00 -3.148437500000000333e-01 -1.697724868528260878e-01 2.254523010499331903e-01 1.906273566829563038e+01 1.418176620018165757e+01 8.188660960303389275e-03
1.197578124999999938e+00 -2.811718750000000155e-01 -1.712503671253973181e-01 2.292448906898281180e-01 1.903360523006059779e+01 1.416307135912560611e+01 7.989286513580922539e-03
1.180234374999999947e+00 -2.525000000000000022e-01 -1.704367260200734258e-01 2.300921785037379763e-01 1.913571801924191007e+01 1.423765854020271071e+01 8.007087291038814114e-03
1.169999999999999929e+00 -2.276562500000000044e-01 -1.715210470504047180e-01 2.376492851667189043e-01 1.917591640783012252e+01 1.415937053595570916e+01 8.135565788880654362e-03
1.159843750000000062e+00 -2.062500000000000167e-01 -1.708592636400219078e-01 2.287780023001673158e-01 1.912475508362759058e+01 1.422740102725209432e+01 8.188139316767838183e-03
1.157968749999999991e+00 -1.865624999999999922e-01 -1.695559473122609795e-01 2.332949674827888842e-01 1.920069225891297293e+01 1.418302015914286507e+01 8.138553664880322433e-03
1.146015624999999982e+00 -1.658593750000000033e-01 -1.746973365033599457e-01 2.344205354785300344e-01 1.906244364743887232e+01 1.422469984997834480e+01 8.099239002230775725e-03
1.141484375000000107e+00 -1.481250000000000067e-01 -1.732205191857350002e-01 2.291152717942779304e-01 1.914279831336892101e+01 1.424346624550240925e+01 8.214848000581736337e-03
1.138281250000000133e+00 -1.328125000000000000e-01 -1.715207248573324961e-01 2.273939744102282390e-01 1.915607987980900262e+01 1.426397904817198992e+01 8.097594332661123967e-03
1.127812500000000107e+00 -1.172656249999999983e-01 -1.718210867582059542e-01 2.255329123972193983e-01 1.904378485886045169e+01 1.418722077573024443e+01 8.112015981836447412e-03
1.117421875000000009e+00 -1.067968749999999994e-01 -1.744009767277621137e-01 2.381686334147925521e-01 1.912380356602449538e+01 1.419387396435161719e+01 8.189663203214464157e-03
1.102031250000000018e+00 -9.726562500000000833e-02 -1.759115009503431359e-01 2.237667790047526140e-01 1.907376658539299186e+01 1.420190061351379640e+01 8.271742535003479349e-03
1.097109375000000053e+00 -8.523437500000000111e-02 -1.726513106209526249e-01 2.267038688628542076e-01 1.920779840794819648e+01 1.427763573578273615e+01 8.292334858876574191e-03
1.085234374999999973e+00 -7.710937500000000777e-02 -1.745592461083633751e-01 2.361158388679340803e-01 1.908033409126280588e+01 1.432876032361521190e+01 8.205934120300894044e-03
1.086015624999999929e+00 -6.929687500000000777e-02 -1.699253933172606423e-01 2.323697302939908838e-01 1.906657648806342564e+01 1.426463619813929640e+01 8.164205904439187506e-03
1.076640625000000018e+00 -6.351562500000000611e-02 -1.726883220453223622e-01 2.297826922176282594e-01 1.902733621783931639e+01 1.422943701001841887e+01 8.338334165623909749e-03
1.060781250000000009e+00 -5.710937500000000389e-02 -1.736122296723152658e-01 2.282233466522010090e-01 1.909931358287990122e+01 1.413091978017060590e+01 8.299579909417648463e-03
1.065156250000000027e+00 -5.242187499999999972e-02 -1.704245813751170679e-01 2.383587737710524124e-01 1.918505982310070834e+01 1.427782954889461209e+01 8.326292536076414924e-03
1.041328124999999938e+00 -4.859374999999999806e-02 -1.729344122039178089e-01 2.314728472434524065e-01 1.899631393578271599e+01 1.420928635893276315e+01 8.417988376103852435e-03
1.043984374999999964e+00 -4.664062499999999806e-02 -1.718108729596434792e-01 2.415383803874737723e-01 1.911897615404246764e+01 1.411425283134948927e+01 8.317778231628322055e-03
1.030000000000000027e+00 -4.281250000000000333e-02 -1.704773779499624276e-01 2.399322342706566857e-01 1.905823198577280309e+01 1.419753979166439883e+01 8.278687775354214712e-03
1.024609375000000044e+00 -4.164062500000000056e-02 -1.750191503112286107e-01 2.363855541703152596e-01 1.907716213745225176e+01 1.426947717838953622e+01 8.445284783641555243e-03
1.017578125000000000e+00 -3.984375000000000416e-02 -1.725687866498848422e-01 2.402288214894632290e-01 1.908425783233105477e+01 1.417487913359827445e+01 8.334628359294372207e-03
1.004296875000000089e+00 -3.820312499999999750e-02 -1.731291909596310852e-01 2.429864332304187968e-01 1.911566867856851459e+01 1.419158110213561841e+01 8.309904470350291603e-03
1.001796874999999920e+00 -3.874999999999999972e-02 -1.731317660893960664e-01 2.356817227630925160e-01 1.916112450743345264e+01 1.428469173329487596e+01 8.464608180372057769e-03
9.918750000000000622e-01 -3.554687499999999861e-02 -1.703162167048466458e-01 2.397968429544761193e-01 1.922252306201161076e+01 1.427210666345722601e+01 8.431242484051425928e-03
9.807812500000000488e-01 -3.554687499999999861e-02 -1.702154130165722812e-01 2.421232734889589011e-01 1.908045971535726437e+01 1.419446344478812527e+01 8.560201660365562501e-03
9.675000000000000266e-01 -3.484374999999999972e-02 -1.697556991431037332e-01 2.440283319178782051e-01 1.895647948047598064e+01 1.412967624900040597e+01 8.389347784901949115e-03
9.617187500000000666e-01 -3.437500000000000278e-02 -1.721822806506789760e-01 2.457650993934690220e-01 1.908587755168080236e+01 1.420032480161631483e+01 8.115599112757545738e-03
9.562500000000000444e-01 -3.156250000000000028e-02 -1.747993599525266006e-01 2.390096221703830182e-01 1.893290355373865808e+01 1.423868240857431822e+01 8.139485118704338149e-03
9.509374999999999911e-01 -3.421874999999999917e-02 -1.726946810420626477e-01 2.414876482949246395e-01 1.909316453044707274e+01 1.423761874252747006e+01 8.478109621386327108e-03
9.357812500000000089e-01 -3.101562500000000153e-02 -1.694215890201022923e-01 2.465073196978195824e-01 1.885971075939746555e+01 1.425143035338513009e+01 8.331342485466049566e-03
9.321875000000000577e-01 -3.195312499999999889e-02 -1.750745054886482244e-01 2.449939171563553231e-01 1.902016441497592325e+01 1.415513524842105753e+01 8.286208261198864389e-03
9.226562500000000666e-01 -3.257812499999999944e-02 -1.746388283975219835e-01 2.519791833720308460e-01 1.904644836434480837e+01 1.425183784028160261e+01 8.411918257902160564e-03
9.107812499999999867e-01 -2.976562500000000042e-02 -1.743504239361204355e-01 2.539949615487646639e-01 1.891978294038548825e+01 1.420000012946586487e+01 8.589555337328644638e-03
9.058593750000000222e-01 -3.085937500000000139e-02 -1.714717214894134756e-01 2.541020774235125401e-01 1.905949094859497350e+01 1.429903631880038972e+01 8.689770958541996951e-03
9.005468749999999689e-01 -3.125000000000000000e-02 -1.707579358960709115e-01 2.530607980172350224e-01 1.902376655373561221e+01 1.427430107778543267e+01 8.386971466758600530e-03
8.836718749999999956e-01 -2.828125000000000083e-02 -1.706745899202721795e-01 2.615031546124635398e-01 1.907795272624840166e+01 1.424525520212455199e+01 8.518771201845925026e-03
8.790624999999999689e-01 -2.984375000000000222e-02 -1.725993845324458320e-01 2.536723899365656010e-01 1.914036946390527305e+01 1.432760050130405105e+01 8.674284095286956264e-03
8.781250000000000444e-01 -3.023437500000000083e-02 -1.681885811821715038e-01 2.643666307275305272e-01 1.899793687893624394e+01 1.426542981458751491e+01 8.524997383565182524e-03
8.557812500000000488e-01 -2.859375000000000111e-02 -1.725438960573755232e-01 2.632723763858813015e-01 1.903508658704226164e+01 1.434284708579118828e+01 8.474860142956345405e-03
8.555468750000000400e-01 -3.015624999999999903e-02 -1.698970322405735089e-01 2.763702704976056523e-01 1.888899368468364415e+01 1.422390985332515889e+01 8.547022507472617353e-03
8.460937499999999778e-01 -2.648437500000000097e-02 -1.694575425253641576e-01 2.648006372375499851e-01 1.901628663553427145e+01 1.431721072709751752e+01 8.523741574904772703e-03
8.385937500000000266e-01 -2.812500000000000069e-02 -1.711338968680586881e-01 2.684724748242217629e-01 1.897330402550989703e+01 1.423779749256796201e+01 8.620275809390056873e-03
8.319531250000000711e-01 -2.710937500000000153e-02 -1.688712426597960281e-01 2.737175472029118595e-01 1.914602504823870888e+01 1.424385159131385770e+01 8.492213447987116345e-03
8.168750000000000178e-01 -2.882812499999999958e-02 -1.686929477250131981e-01 2.764743605948360994e-01 1.901048664745759709e+01 1.431681626058895773e+01 8.515764224162069435e-03
8.060156250000000133e-01 -3.007812500000000069e-02 -1.702184379822502258e-01 2.874263018067590991e-01 1.912122284869493782e+01 1.430011875634400376e+01 8.731684299695834095e-03
7.950781249999999689e-01 -2.765625000000000028e-02 -1.707642651838869874e-01 2.829390483525040523e-01 1.904373429383971938e+01 1.430525175474086907e+01 8.778375192882225536e-03
7.900781249999999645e-01 -2.835937499999999917e-02 -1.689159451311872395e-01 2.855606776998476093e-01 1.904744810165554725e+01 1.438455458768465967e+01 8.705160039191797358e-03
7.884375000000000133e-01 -2.976562500000000042e-02 -1.672093918933525991e-01 2.884135507657648034e-01 1.912946728347031566e+01 1.420815756245878703e+01 8.789378549099162441e-03
7.803906250000000044e-01 -2.687499999999999958e-02 -1.658373679553459823e-01 2.894553502108321297e-01 1.910915967171571239e+01 1.432817913797032361e+01 8.716392001631505584e-03
7.700781250000000577e-01 -2.726562500000000167e-02 -1.644585998786030068e-01 2.938646990140902915e-01 1.901330325071577221e+01 1.432493286791853215e+01 8.588614926449361295e-03
7.672656250000000622e-01 -2.742187500000000180e-02 -1.652613549193437947e-01 2.919692248213312524e-01 1.900553638358800157e+01 1.427551336592400766e+01 8.771948648563159673e-03
7.550000000000000044e-01 -2.843750000000000097e-02 -1.612634840590265739e-01 2.874314319637027992e-01 1.917113904612165598e+01 1.426891452549174311e+01 8.468398218334548602e-03
7.375781249999999734e-01 -2.890625000000000139e-02 -1.661719732649391545e-01 2.979386893983360096e-01 1.916394976755841384e+01 1.434804775528385967e+01 8.698534166072786553e-03
7.432812500000000044e-01 -2.835937499999999917e-02 -1.607093770066181371e-01 3.039643950838666342e-01 1.913041663317330787e+01 1.432432334179348743e+01 8.713176344172825216e-03
7.303125000000000311e-01 -2.656249999999999931e-02 -1.665161155337657739e-01 3.069063477217470748e-01 1.902047198730921806e+01 1.430145168464125405e+01 8.605735021310637056e-03
7.219531249999999734e-01 -2.742187500000000180e-02 -1.628391320495969907e-01 2.980117161333506459e-01 1.913201051413918563e+01 1.440216902698125345e+01 8.798988697398112124e-03
7.123437500000000533e-01 -2.882812499999999958e-02 -1.629936472015147686e-01 3.172467508386178636e-01 1.903589295384220037e+01 1.437823633130729206e+01 8.704635763501776188e-03
7.010156250000000311e-01 -2.687499999999999958e-02 -1.613038652574561027e-01 3.122494284452104196e-01 1.915498399914909911e+01 1.432112744003946503e+01 8.710731887908997398e-03
6.994531250000000089e-01 -2.789062500000000222e-02 -1.606169558350578619e-01 3.102988176663545872e-01 1.914475879869768704e+01 1.437168791831868475e+01 8.730691717699985005e-03
6.800000000000000488e-01 -2.492187499999999958e-02 -1.588140722314945741e-01 3.146099750428232866e-01 1.922454662810112680e+01 1.435765707588119611e+01 8.695363570043869103e-03
6.765625000000000666e-01 -2.664062500000000111e-02 -1.595172908831932190e-01 3.237229910499905827e-01 1.913713638126764849e+01 1.448576138368668254e+01 8.692309837316471860e-03
6.745312500000000266e-01 -2.437500000000000083e-02 -1.570096160023237708e-01 3.218503946505579805e-01 1.912707476771772264e+01 1.448565620649520014e+01 8.620283492708959855e-03
6.628125000000000266e-01 -2.585937500000000042e-02 -1.597817905368392744e-01 3.289074200319541674e-01 1.902556083417123034e+01 1.432847846726098062e+01 8.602841113262545136e-03
6.541406250000000311e-01 -2.570312500000000028e-02 -1.586692948038370687e-01 3.280776115929473491e-01 1.911030101855044805e+01 1.427979721352610021e+01 8.880187287914970834e-03
6.471875000000000266e-01 -2.750000000000000014e-02 -1.553761993615898618e-01 3.298342818098154439e-01 1.912912221621603237e+01 1.429299338518471707e+01 8.709629865137191035e-03
6.402343750000000222e-01 -2.437500000000000083e-02 -1.589836117296905549e-01 3.261207445726777010e-01 1.919774136285039390e+01 1.447834669124812201e+01 8.977852279033457505e-03
6.362499999999999822e-01 -2.507812499999999972e-02 -1.522213533010297049e-01 3.370386973016170629e-01 1.912238709747684950e+01 1.449324886433864989e+01 8.849601673970357296e-03
6.253125000000000488e-01 -2.593750000000000222e-02 -1.535822840018408186e-01 3.408689882199000820e-01 1.918361626952490084e+01 1.447181128201805933e+01 8.950216408313033112e-03
6.117187499999999778e-01 -2.609374999999999889e-02 -1.532247309248058187e-01 3.446047491044268440e-01 1.916099232083485049e+01 1.437824274705627303e+01 8.827789930137471333e-03
6.033593750000000311e-01 -2.453125000000000097e-02 -1.524129156911468996e-01 3.473226391326189599e-01 1.919763124137907795e+01 1.445522425083418838e+01 8.926442570345685321e-03
5.975000000000000311e-01 -2.515625000000000153e-02 -1.498700527886143163e-01 3.555940402078849871e-01 1.913542060734946304e+01 1.450761588578789052e+01 9.130019151333566840e-03
5.850781250000000044e-01 -2.554687500000000014e-02 -1.552313248173287086e-01 3.530359454256393192e-01 1.926802615828315268e+01 1.453481677605493161e+01 9.147279498729926628e-03
5.764843750000000488e-01 -2.390625000000000042e-02 -1.530935090025220546e-01 3.628354398417243942e-01 1.923834759212902057e+01 1.456738087181030039e+01 9.167614576393002049e-03
5.693749999999999645e-01 -2.507812499999999972e-02 -1.507595128681482599e-01 3.635875895336981856e-01 1.920180300696915410e+01 1.451927706253644956e+01 9.357645035752698917e-03
5.603124999999999911e-01 -2.484375000000000125e-02 -1.504422606858790701e-01 3.660648819669098941e-01 1.922765590895451382e+01 1.453042266542893302e+01 9.158015843947178020e-03
5.520312499999999734e-01 -2.554687500000000014e-02 -1.475328193226155271e-01 3.691282772448012395e-01 1.930780401182490280e+01 1.465266088657131682e+01 9.428527197239029711e-03
5.461718749999999734e-01 -2.570312500000000028e-02 -1.459823553487837877e-01 3.739710717353794678e-01 1.929768386017924442e+01 1.452556405651672833e+01 9.280528904271301630e-03
5.431249999999999689e-01 -2.500000000000000139e-02 -1.496537917625273550e-01 3.771742816447654079e-01 1.931223798089717647e+01 1.460171076269919865e+01 9.295965472608641242e-03
5.334375000000000089e-01 -2.359375000000000014e-02 -1.444060915370415366e-01 3.867663594809167549e-01 1.915836891606821268e+01 1.453800218882659934e+01 9.196626951154106278e-03
5.174218750000000311e-01 -2.414062499999999889e-02 -1.407653378993400928e-01 3.878548494487876752e-01 1.935369826118728653e+01 1.461092615579596909e+01 9.433707525469570143e-03
5.098437500000000400e-01 -2.406250000000000056e-02 -1.419763990613498450e-01 3.878390715662316524e-01 1.934411707939482739e+01 1.455895966355743987e+01 9.304422376997851032e-03
4.943750000000000089e-01 -2.375000000000000028e-02 -1.383339673886596621e-01 3.904145745884157748e-01 1.918717347430697018e+01 1.458141934320273947e+01 9.219940130528531813e-03
4.937500000000000222e-01 -2.265624999999999931e-02 -1.363261917657787592e-01 3.907707057733356137e-01 1.928353310626983230e+01 1.462301799625611842e+01 8.940820023812308392e-03
4.907031250000000178e-01 -2.289062500000000125e-02 -1.352785328796568542e-01 3.967489310117144896e-01 1.936420908086414627e+01 1.469463730087877273e+01 9.277442611673689457e-03
4.787500000000000089e-01 -2.320312500000000153e-02 -1.358738088596767035e-01 4.035027219474018878e-01 1.926540714310897684e+01 1.467665072743333710e+01 9.160949809089160081e-03
4.793749999999999956e-01 -2.382812500000000208e-02 -1.305516397250405802e-01 4.107308098741491165e-01 1.921009710512212720e+01 1.458119413563039934e+01 9.333577866499265588e-03
