# I20180835 #221 CV with XRD
# Potential / V, Current Density / mA/cm^2, Strain ip / %, Strain oop / %, d ip / nm, d oop / nm, Intensity (area ip)
5.648437499999999778e-01 -2.906250000000000153e-02 -7.419429649583308972e-02 4.173814054176716581e-01 1.939333623160738185e+01 1.477977971639795030e+01 1.186434857809786150e-02
5.671093750000000266e-01 -2.945312500000000014e-02 -8.130319383026218816e-02 4.181845146487894738e-01 1.936094728798347830e+01 1.479831045084835850e+01 1.179764172569579446e-02
5.672656249999999956e-01 -2.984375000000000222e-02 -8.192686038326346676e-02 4.201991974972507649e-01 1.922564055321233667e+01 1.479590244093417617e+01 1.155379871342826666e-02
5.830468749999999645e-01 -2.773437500000000208e-02 -8.681839096246202203e-02 4.196376119055100773e-01 1.932215360109406532e+01 1.474098938845255446e+01 1.170719143611158482e-02
5.903125000000000178e-01 -2.851562499999999931e-02 -8.472415057465543242e-02 4.112910747153586399e-01 1.940383097566324011e+01 1.472621909371649984e+01 1.183462608423512148e-02
5.959375000000000089e-01 -2.757812500000000194e-02 -8.347710126149765486e-02 4.222444379057055386e-01 1.935503073630962589e+01 1.477450160314899819e+01 1.168358289490140610e-02
5.985937500000000355e-01 -2.867187499999999944e-02 -8.351595525342148107e-02 4.111960701762118475e-01 1.931921901772756200e+01 1.475486810797050197e+01 1.176092177688479491e-02
6.026562500000000044e-01 -3.093749999999999972e-02 -8.681864016113483018e-02 4.152024017685995716e-01 1.939958990003546191e+01 1.480361940824784384e+01 1.185780410623200193e-02
6.210937500000000000e-01 -3.218750000000000083e-02 -8.379626743036938663e-02 4.027343481814327220e-01 1.928374791272404565e+01 1.469694931284783479e+01 1.180873166201779935e-02
6.328125000000000000e-01 -3.007812500000000069e-02 -8.429841649022495886e-02 4.072430242450852944e-01 1.930409786549476792e+01 1.473069810835930227e+01 1.172179602659984173e-02
6.398437500000000444e-01 -3.203124999999999722e-02 -8.583920596108018941e-02 4.024077024766370414e-01 1.935846921238314877e+01 1.472854477728212963e+01 1.171695606838912482e-02
6.527343749999999778e-01 -3.468750000000000305e-02 -8.566780871265278208e-02 3.958906875598078301e-01 1.936745648273532439e+01 1.469892655857254304e+01 1.177567675714383082e-02
6.539843750000000622e-01 -3.414062500000000083e-02 -8.581367125455319211e-02 4.019116037712988643e-01 1.926760960726682015e+01 1.467101579092574326e+01 1.164672341728874641e-02
6.644531249999999778e-01 -3.476562500000000139e-02 -8.608722724088302414e-02 4.017416319371136524e-01 1.920087943991216761e+01 1.464297138097577466e+01 1.159919715188877966e-02
6.732031250000000133e-01 -3.054687500000000111e-02 -8.618583679639302275e-02 3.917882458646992916e-01 1.938209228135230688e+01 1.470723718715809625e+01 1.171315885848755664e-02
6.817187500000000400e-01 -3.093749999999999972e-02 -8.895377360598200056e-02 3.886412830512053773e-01 1.923741903338519066e+01 1.458686008946992452e+01 1.146138288492631017e-02
6.910937500000000622e-01 -3.085937500000000139e-02 -8.828384417284285135e-02 3.837420301180838322e-01 1.937032250844800885e+01 1.470014941002224518e+01 1.149343026484975737e-02
6.985937500000000133e-01 -3.523437499999999833e-02 -8.569888788213519959e-02 3.838987015537753678e-01 1.919568054677052515e+01 1.464054560842394004e+01 1.121785190395928333e-02
7.059374999999999956e-01 -3.359374999999999861e-02 -8.881860529491580891e-02 3.831995636076390710e-01 1.920669627172566152e+01 1.459988930047720324e+01 1.140019656886226938e-02
7.164062500000000222e-01 -3.390624999999999889e-02 -8.848822304979853115e-02 3.754938572944510611e-01 1.929229065483291450e+01 1.458020430720044125e+01 1.146130351946784108e-02
7.184375000000000622e-01 -3.328124999999999833e-02 -9.090621168841295230e-02 3.786979457064632015e-01 1.917906384187459423e+01 1.457591692830821195e+01 1.132985679029617672e-02
7.339062499999999822e-01 -3.460937499999999778e-02 -9.045873655290082027e-02 3.786267622527983434e-01 1.920556718559069509e+01 1.458378716797015429e+01 1.133501493478386753e-02
7.458593749999999911e-01 -3.601562500000000250e-02 -9.037602149345458358e-02 3.777487059364759148e-01 1.929080133048615409e+01 1.454210930646427080e+01 1.135234494581242870e-02
7.496875000000000622e-01 -3.570312500000000222e-02 -9.062896250724428171e-02 3.734155702333818994e-01 1.922483614700209387e+01 1.440790324075634388e+01 1.168727550025158192e-02
7.618749999999999689e-01 -3.601562500000000250e-02 -9.147814555259259350e-02 3.718657770598321477e-01 1.911407851618422882e+01 1.453214033831586605e+01 1.125107412019937109e-02
7.676562500000000400e-01 -3.648437499999999944e-02 -9.282849389372627158e-02 3.725405906870093986e-01 1.924456496892892332e+01 1.454524092538733271e+01 1.143900616162955852e-02
7.717968750000000488e-01 -4.031250000000000111e-02 -9.332340229749602756e-02 3.705197509345170559e-01 1.919391574233591768e+01 1.457375557048554526e+01 1.123666152612925843e-02
7.782031249999999956e-01 -3.851562499999999778e-02 -9.413167184821880085e-02 3.646753143658809648e-01 1.927687757316149586e+01 1.452102883094801378e+01 1.119635364746444928e-02
7.927343749999999911e-01 -4.289062500000000167e-02 -9.491376505320614498e-02 3.609802296898889651e-01 1.917250371257031460e+01 1.445472735283814814e+01 1.125164383715382931e-02
8.037499999999999645e-01 -4.617187500000000111e-02 -9.405166381794005659e-02 3.572472310700236520e-01 1.924054324206807465e+01 1.447970038021310479e+01 1.136698688992688472e-02
8.063281250000000622e-01 -5.320312500000000389e-02 -9.417386393849591641e-02 3.577573716745163779e-01 1.904793616141964563e+01 1.445540153089850222e+01 1.129021188613630981e-02
8.085937500000000000e-01 -6.124999999999999889e-02 -9.432746158379856638e-02 3.547508797514531409e-01 1.915963106368115731e+01 1.454563751722481335e+01 1.141062454725197059e-02
8.225781250000000488e-01 -7.062500000000000722e-02 -9.581267331367770979e-02 3.573009017195261094e-01 1.915973420266400495e+01 1.449692948007493420e+01 1.104687337223656148e-02
8.257031249999999822e-01 -7.976562500000000666e-02 -9.475836909866863778e-02 3.536872125773582454e-01 1.911432936860016696e+01 1.451675801419215972e+01 1.115315061087940839e-02
8.396093749999999911e-01 -9.101562500000000278e-02 -9.687373231106466420e-02 3.497017491160159253e-01 1.912843279316743050e+01 1.449210481630067981e+01 1.116020283311743889e-02
8.440625000000000488e-01 -1.043749999999999956e-01 -9.865165054956381852e-02 3.513832272620254216e-01 1.912837094244154557e+01 1.447310833703336108e+01 1.137248200731008629e-02
8.593750000000000000e-01 -1.165624999999999994e-01 -1.014321316778810100e-01 3.488594412856649285e-01 1.914323251618285937e+01 1.445635471639515757e+01 1.106232343886692261e-02
8.714062500000000488e-01 -1.328125000000000000e-01 -1.012690647832603652e-01 3.512725360288460053e-01 1.919349447377361173e+01 1.445539418074577398e+01 1.111236389849354356e-02
8.821093749999999734e-01 -1.513281250000000078e-01 -1.004543044429873078e-01 3.509899916374514817e-01 1.905182651580981101e+01 1.445787125177946564e+01 1.098879534004341789e-02
8.797656249999999956e-01 -1.705468750000000144e-01 -1.004166448735355210e-01 3.514560803319133342e-01 1.919164779962702028e+01 1.439774641725276894e+01 1.100382132814047009e-02
8.892187500000000577e-01 -1.930468750000000067e-01 -1.030151144222446469e-01 3.486183329441061574e-01 1.908754711755718247e+01 1.440510249724973590e+01 1.084032279062724369e-02
8.994531249999999645e-01 -2.088281250000000033e-01 -1.038516200787875654e-01 3.505781372440841537e-01 1.924372765365412974e+01 1.444130867248796690e+01 1.102809989498932178e-02
9.053906250000000044e-01 -2.363281250000000000e-01 -1.027971560826346220e-01 3.486304438592435773e-01 1.901709503225628950e+01 1.440455679015390089e+01 1.094475296536592812e-02
9.129687499999999956e-01 -2.571093750000000289e-01 -1.057549807979230039e-01 3.518443744152000008e-01 1.920041241389670006e+01 1.437018182066601035e+01 1.127384167737525283e-02
9.267187500000000355e-01 -2.814062500000000244e-01 -1.073399213889825177e-01 3.458561158541373359e-01 1.891607006097713750e+01 1.445749918435368997e+01 1.090435706203726762e-02
9.318750000000000089e-01 -3.047656249999999845e-01 -1.081232394555153853e-01 3.460693922080038121e-01 1.904055953329181605e+01 1.442255674625166684e+01 1.077031535346964844e-02
9.454687499999999689e-01 -3.302343750000000244e-01 -1.030284982388551818e-01 3.418263996792791914e-01 1.911201462523925088e+01 1.440188358743762720e+01 1.101508912424222116e-02
9.507031249999999822e-01 -3.510156249999999978e-01 -1.041514407438492995e-01 3.474059899485348879e-01 1.912543104096745239e+01 1.438997862475194545e+01 1.106659410399523855e-02
9.516406250000000178e-01 -3.754687500000000178e-01 -1.028250586747048168e-01 3.404632092741000093e-01 1.909597588639405430e+01 1.432431157308736047e+01 1.105310948682445248e-02
9.614062500000000178e-01 -3.729687500000000155e-01 -1.038965982222084250e-01 3.398763950633876263e-01 1.917962116233786674e+01 1.441862268708849371e+01 1.085534091018613631e-02
9.514062500000000089e-01 -3.250781249999999956e-01 -1.016286122039078421e-01 3.420129325716336766e-01 1.906339550283213669e+01 1.435601035961695793e+01 1.099130407506776833e-02
9.443749999999999645e-01 -2.837500000000000022e-01 -1.036667057984885787e-01 3.416600356270116379e-01 1.913474617092185426e+01 1.445131216002821439e+01 1.098508509170034904e-02
9.353906250000000311e-01 -2.535156250000000222e-01 -1.032552575531142658e-01 3.383873849150731417e-01 1.909045162755523606e+01 1.436911111021465004e+01 1.095772453568172843e-02
9.227343749999999956e-01 -2.214062499999999989e-01 -1.050580726406180609e-01 3.426867574111813752e-01 1.908371855405598794e+01 1.439552957995636717e+01 1.100180567173235195e-02
9.183593749999999778e-01 -1.988281249999999944e-01 -1.057179900361249203e-01 3.415474067951063120e-01 1.903146098866311320e+01 1.445482667713702973e+01 1.121038831065977390e-02
9.137500000000000622e-01 -1.735937499999999911e-01 -1.088742014466403951e-01 3.430082600807349280e-01 1.900969890755716207e+01 1.440333649825287843e+01 1.110823380630196131e-02
9.103124999999999689e-01 -1.552343750000000078e-01 -1.061082525123158149e-01 3.445250393888876772e-01 1.906083643215133705e+01 1.453514876239371922e+01 1.087853411391009884e-02
8.862499999999999822e-01 -1.372656250000000022e-01 -1.045246505038233131e-01 3.443021947098223734e-01 1.907924261995518123e+01 1.436895658815344845e+01 1.091409896489573851e-02
8.863281250000000222e-01 -1.215625000000000039e-01 -1.047960212219201104e-01 3.424354632235226958e-01 1.914255565940044690e+01 1.451896307232134298e+01 1.101363654536711804e-02
8.738281250000000666e-01 -1.057031250000000089e-01 -1.082859732267849040e-01 3.357000598278148118e-01 1.898864118302515891e+01 1.442925652897670119e+01 1.086311200711127453e-02
8.610937499999999911e-01 -9.414062500000000555e-02 -1.036665310945261709e-01 3.451887536721320870e-01 1.907133518154948959e+01 1.438338594906758772e+01 1.098699576471360781e-02
8.518750000000000488e-01 -8.453125000000000222e-02 -1.060102347975599990e-01 3.350763248622490309e-01 1.906157963958706603e+01 1.438473809532696102e+01 1.096867577352679708e-02
8.500781250000000178e-01 -7.304687499999999722e-02 -1.053493230836366479e-01 3.400549712792244605e-01 1.916424689770882850e+01 1.436268680283710530e+01 1.088164719615822805e-02
8.496093750000000000e-01 -6.593749999999999611e-02 -1.076707291184919590e-01 3.405540733292466982e-01 1.922212774110364464e+01 1.447078011025839750e+01 1.094269030257946987e-02
8.300000000000000711e-01 -5.742187500000000416e-02 -1.045371902549496745e-01 3.394628661270493453e-01 1.914839005437816510e+01 1.444913578150790556e+01 1.119316323442853117e-02
8.236718750000000533e-01 -5.171875000000000083e-02 -1.066590339896644757e-01 3.426712972885548325e-01 1.911018754322520863e+01 1.445661863480613718e+01 1.113619845183743025e-02
8.121875000000000622e-01 -4.851562499999999972e-02 -1.073289128759480349e-01 3.394112042749641844e-01 1.902454256523242648e+01 1.441598532798899335e+01 1.095324684580752279e-02
8.075781250000000355e-01 -4.132812500000000028e-02 -1.057532033216457279e-01 3.368229584960857892e-01 1.912236375130085264e+01 1.442488037754266195e+01 1.099086814766706000e-02
8.021875000000000533e-01 -3.835937500000000111e-02 -1.054682435119080885e-01 3.494169609139730071e-01 1.905855472325792732e+01 1.437504048853762129e+01 1.133373447714120137e-02
7.906250000000000222e-01 -3.749999999999999861e-02 -1.106874646513933413e-01 3.406770221418664590e-01 1.913468749959952930e+01 1.437970192996386309e+01 1.122894976228439728e-02
7.864062499999999734e-01 -3.523437499999999833e-02 -1.088253517690707106e-01 3.400263449102824964e-01 1.919106925580520340e+01 1.454796984656898218e+01 1.142667079899947584e-02
7.751562499999999911e-01 -3.382812500000000056e-02 -1.074045516945676404e-01 3.456468164551917965e-01 1.910281419655209234e+01 1.446039491965714063e+01 1.103666534904525209e-02
7.528906250000000355e-01 -3.078124999999999958e-02 -1.083203189947257172e-01 3.489032387369972454e-01 1.909687381252729921e+01 1.444628035108634023e+01 1.149278983369071000e-02
7.617968750000000400e-01 -3.007812500000000069e-02 -1.098784555813359098e-01 3.435887052496866545e-01 1.914920488906921747e+01 1.451254769041055148e+01 1.113518930068837023e-02
7.475000000000000533e-01 -3.070312500000000125e-02 -1.079677523165512021e-01 3.435891216491349098e-01 1.902854057503956753e+01 1.442994531035039252e+01 1.112719668312108466e-02
7.392187500000000355e-01 -2.812500000000000069e-02 -1.063898408580565835e-01 3.449983665855693715e-01 1.914737249826683296e+01 1.449167099645235623e+01 1.111127262534535552e-02
7.311718750000000266e-01 -2.890625000000000139e-02 -1.046104150631221863e-01 3.416218144383087463e-01 1.916791504013880498e+01 1.443095690261825048e+01 1.114920281083125152e-02
7.265625000000000000e-01 -2.562500000000000194e-02 -1.066681086392406996e-01 3.463915406052286983e-01 1.927737192239588637e+01 1.444640047619980194e+01 1.139958650314481375e-02
7.148437500000000000e-01 -3.101562500000000153e-02 -1.069180110072953660e-01 3.510587308604984358e-01 1.922654017397008275e+01 1.454170363267033217e+01 1.113530517560195297e-02
7.053125000000000089e-01 -3.023437500000000083e-02 -1.118708587502514895e-01 3.499800506729711103e-01 1.914470014785599972e+01 1.450071861629133352e+01 1.124855843266818131e-02
7.044531250000000133e-01 -2.789062500000000222e-02 -1.098873068722361346e-01 3.554971047554644770e-01 1.911025278988606502e+01 1.450339074511142989e+01 1.148887022718163807e-02
6.935156249999999689e-01 -2.781250000000000042e-02 -1.086529117510948161e-01 3.531938797173062028e-01 1.922102120835228334e+01 1.449882680100386345e+01 1.129667291219368756e-02
6.904687499999999645e-01 -2.882812499999999958e-02 -1.072275068305539314e-01 3.517797315784054746e-01 1.921362919077983022e+01 1.453771603823201097e+01 1.130615904126143489e-02
6.739843749999999689e-01 -2.898437499999999972e-02 -1.076898667581649427e-01 3.604203369991676453e-01 1.912180671853817060e+01 1.452363556051220606e+01 1.122167066863219778e-02
6.692968750000000133e-01 -2.781250000000000042e-02 -1.048266251367335755e-01 3.588961361828069130e-01 1.920377106456313143e+01 1.450717786240015883e+01 1.140930772248255516e-02
6.616406249999999822e-01 -2.624999999999999903e-02 -1.064436383962918953e-01 3.602690753641946131e-01 1.920396689714588945e+01 1.458282959141188506e+01 1.139837358630055655e-02
6.519531250000000222e-01 -2.867187499999999944e-02 -1.063152803072120456e-01 3.647549598595034581e-01 1.922810899072911184e+01 1.455448989584995623e+01 1.152448406081147195e-02
6.427343749999999689e-01 -2.851562499999999931e-02 -1.055519907578350569e-01 3.599889891225283023e-01 1.922882735852544300e+01 1.462489219920579586e+01 1.138531135430970523e-02
6.306249999999999911e-01 -2.679687500000000125e-02 -1.047208394735266168e-01 3.660707107185245945e-01 1.924111787980020338e+01 1.453964138376869819e+01 1.152055549514428498e-02
6.217187499999999867e-01 -2.414062499999999889e-02 -1.028818082786431276e-01 3.665095341779167626e-01 1.926224627937742895e+01 1.453682226198100480e+01 1.136826918088246208e-02
6.137500000000000178e-01 -2.609374999999999889e-02 -1.002521441038406458e-01 3.636849784524498475e-01 1.927893890149495348e+01 1.472643275198009505e+01 1.158029365414483050e-02
6.158593749999999867e-01 -2.632812500000000083e-02 -1.013330045927629541e-01 3.685909568754475174e-01 1.923116734444663578e+01 1.454262701907980215e+01 1.178410046599560369e-02
6.014062500000000311e-01 -2.789062500000000222e-02 -1.048785644733762901e-01 3.745854188508479510e-01 1.933007998712822584e+01 1.460593055111806393e+01 1.161040055958404392e-02
5.896875000000000311e-01 -2.414062499999999889e-02 -1.039239591407170593e-01 3.762563470737445570e-01 1.937390055834221769e+01 1.468073259729042945e+01 1.158496965007277044e-02
5.821093750000000400e-01 -2.664062500000000111e-02 -1.033272761455261701e-01 3.742324152978593332e-01 1.929660754697537683e+01 1.468320877464170593e+01 1.165085450805369502e-02
5.807031249999999867e-01 -2.750000000000000014e-02 -1.051203240563292063e-01 3.752156985689314439e-01 1.929890561575049546e+01 1.463659332093402554e+01 1.174610748903326396e-02
5.692187499999999956e-01 -2.640624999999999917e-02 -1.045546695879417953e-01 3.820455037646164342e-01 1.929588418993418131e+01 1.465183662893146632e+01 1.163468914181957359e-02
5.589843749999999778e-01 -2.421875000000000069e-02 -1.028749580718302248e-01 3.796882979334448294e-01 1.925957435792740569e+01 1.464648716445824306e+01 1.154164485799327386e-02
5.465625000000000622e-01 -2.773437500000000208e-02 -1.051810204828362849e-01 3.847665342664452481e-01 1.927593737476040303e+01 1.462155829631754855e+01 1.167199632713932476e-02
5.500000000000000444e-01 -2.421875000000000069e-02 -1.041661693207185380e-01 3.816293867380693428e-01 1.934051974021561549e+01 1.471451486593838709e+01 1.170859534162949252e-02
5.357031250000000577e-01 -2.789062500000000222e-02 -1.015494741793299127e-01 3.862596935602979897e-01 1.928879470623000714e+01 1.467126318646793415e+01 1.170201459171103450e-02
5.315625000000000488e-01 -2.703124999999999972e-02 -1.034257612759770240e-01 3.864898489288393080e-01 1.922652348672139766e+01 1.464311194167098407e+01 1.180221678087607293e-02
5.183593749999999556e-01 -2.335937500000000167e-02 -1.039559989633009884e-01 3.924497568841944783e-01 1.937869507084638343e+01 1.462194102126910522e+01 1.155011421319874360e-02
5.081250000000000488e-01 -2.851562499999999931e-02 -1.038178332163908202e-01 3.929584357268867123e-01 1.927056987707000957e+01 1.466935747883868046e+01 1.169917632578877480e-02
5.005468750000000577e-01 -2.695312500000000139e-02 -1.031512729140482421e-01 3.955505368675948930e-01 1.932819300473665081e+01 1.468411459686206300e+01 1.164830120186073625e-02
4.888281250000000022e-01 -2.585937500000000042e-02 -1.019357817128918597e-01 3.972145948495819923e-01 1.931037464188677788e+01 1.470165725795312639e+01 1.147550767492035162e-02
4.849218750000000022e-01 -2.835937499999999917e-02 -1.002405797378091989e-01 3.984841609499190085e-01 1.942841207759544986e+01 1.473342544429626955e+01 1.172420672006684907e-02
4.782812499999999911e-01 -2.757812500000000194e-02 -1.004840019830810505e-01 4.083157212368515587e-01 1.925567300963740891e+01 1.473392395441960367e+01 1.175931191114334279e-02
4.722656250000000222e-01 -2.742187500000000180e-02 -9.941716882646556286e-02 4.034306084114813729e-01 1.942111628769310272e+01 1.469132766653829236e+01 1.169707128211101670e-02
4.589843750000000000e-01 -2.507812499999999972e-02 -1.008128954503861863e-01 4.025411196738160058e-01 1.931527855718146824e+01 1.472077620573494805e+01 1.168697612558850657e-02
4.557031249999999867e-01 -2.609374999999999889e-02 -1.029525700539490884e-01 4.095447383770212113e-01 1.936870332191101340e+01 1.475771312828307735e+01 1.159689272756210358e-02
4.424218750000000200e-01 -2.351562500000000180e-02 -1.012262024358223655e-01 4.107666687712230313e-01 1.940128506505372030e+01 1.473230670319932933e+01 1.168395295404841584e-02
4.400781249999999867e-01 -2.320312500000000153e-02 -9.856736677011923575e-02 4.083357966211842438e-01 1.935581920093443031e+01 1.477461150196478101e+01 1.171762152113847016e-02
4.228906250000000200e-01 -2.421875000000000069e-02 -9.743463366650439994e-02 4.161647632763276761e-01 1.932262481093016859e+01 1.478437363319650721e+01 1.169263801239292175e-02
4.226562500000000111e-01 -2.648437500000000097e-02 -9.688031285044473861e-02 4.185186948122643358e-01 1.934570478842736208e+01 1.473399243542553272e+01 1.168108624586594591e-02
4.075000000000000289e-01 -2.249999999999999917e-02 -9.816288103237091889e-02 4.254741091631153438e-01 1.928731632772107929e+01 1.472154970110847039e+01 1.176251351721784195e-02
4.035937500000000289e-01 -2.554687500000000014e-02 -1.001854067790519665e-01 4.233205959303099064e-01 1.925674128040040145e+01 1.482049434331495341e+01 1.178657890774315910e-02
3.867187500000000000e-01 -2.656249999999999931e-02 -9.966306261849355863e-02 4.214654264922845783e-01 1.933818482611992096e+01 1.474605312802730062e+01 1.174698371599589702e-02
3.942187500000000067e-01 -2.226562500000000069e-02 -9.277002493858210741e-02 4.306141299701859992e-01 1.930098868281949365e+01 1.478609127310258842e+01 1.184754246936909824e-02
3.714062499999999933e-01 -2.218749999999999889e-02 -9.726917966252912606e-02 4.301840615862584372e-01 1.925186444038727274e+01 1.484371593288326174e+01 1.199539378805224502e-02
3.653124999999999845e-01 -2.507812499999999972e-02 -9.803250352624637287e-02 4.336795042259922184e-01 1.932828492352204464e+01 1.488236911418326613e+01 1.190592876280052378e-02
3.554687500000000000e-01 -2.593750000000000222e-02 -9.598371163692664965e-02 4.407154679573421774e-01 1.933022012407316836e+01 1.480066539025867023e+01 1.158249630683314858e-02
3.483593750000000266e-01 -2.468750000000000111e-02 -9.414074170873698577e-02 4.358053097155423217e-01 1.923734065455468922e+01 1.480098908483389408e+01 1.148668519155381096e-02
3.477343749999999845e-01 -2.421875000000000069e-02 -9.435030647172437668e-02 4.429953371075878721e-01 1.935907372367760715e+01 1.486006378795757144e+01 1.165433786522821272e-02
3.282812500000000244e-01 -2.429687499999999903e-02 -9.417489010401514093e-02 4.460131538435163634e-01 1.935062752468213532e+01 1.485924219735529839e+01 1.155692749819367711e-02
3.304687500000000333e-01 -2.492187499999999958e-02 -9.300243439455124772e-02 4.441175684988474259e-01 1.926902684724728232e+01 1.483308414642919892e+01 1.167581821261006944e-02
3.107031250000000244e-01 -2.296874999999999958e-02 -9.173020425518041421e-02 4.502266391944287349e-01 1.932224248968898550e+01 1.488457881738042943e+01 1.164384536910744415e-02
3.021874999999999978e-01 -2.406250000000000056e-02 -9.245211990459578644e-02 4.531832607831187687e-01 1.927786661992486117e+01 1.492667486554976186e+01 1.177966355505500988e-02
2.967968750000000155e-01 -2.257812500000000097e-02 -9.233739051808242948e-02 4.512115496963176042e-01 1.937256207671749664e+01 1.492463319677574241e+01 1.197255301412641394e-02
2.899218749999999956e-01 -2.343750000000000000e-02 -9.022038506810714509e-02 4.531472106352074647e-01 1.931385799972309414e+01 1.492451090628221877e+01 1.190786343533722751e-02
2.835156249999999933e-01 -2.265624999999999931e-02 -9.227763345647232995e-02 4.585701365393157758e-01 1.932236978440684894e+01 1.485683193024829762e+01 1.182220404975218263e-02
2.703906249999999956e-01 -2.414062499999999889e-02 -9.260768550957143574e-02 4.682735263899395761e-01 1.930854646054375579e+01 1.495926065234775315e+01 1.187691217328911905e-02
2.642187500000000022e-01 -2.210937500000000056e-02 -9.010378200372537449e-02 4.674894579226984703e-01 1.924532833778432561e+01 1.492702400485649505e+01 1.170972174868714806e-02
2.582031249999999778e-01 -2.203124999999999875e-02 -8.907072426492801398e-02 4.700937715597541811e-01 1.925810336873080431e+01 1.492520263796542146e+01 1.202359728869637628e-02
2.531249999999999889e-01 -2.257812500000000097e-02 -8.799440877260700233e-02 4.720759913741101599e-01 1.921700640100638324e+01 1.494800799228396393e+01 1.197075880757096644e-02
2.342187500000000033e-01 -2.109375000000000139e-02 -8.718328120886909005e-02 4.743584544723233876e-01 1.930515510898347742e+01 1.502409631565964609e+01 1.172364870530371618e-02
2.346093750000000089e-01 -2.015625000000000056e-02 -8.947396474121571686e-02 4.799147395542879835e-01 1.927604624882139106e+01 1.498671669891105118e+01 1.157464240163520730e-02
2.277343750000000167e-01 -2.218749999999999889e-02 -8.859456095231532657e-02 4.807210547744800166e-01 1.925450048297923189e+01 1.496188389854242118e+01 1.136578287787614813e-02
2.228906250000000089e-01 -2.375000000000000028e-02 -8.946727372829421654e-02 4.859149760010117447e-01 1.933677059308068991e+01 1.501169024961902032e+01 1.153116660200556760e-02
2.316406250000000167e-01 -2.359375000000000014e-02 -8.724495800300768877e-02 4.869889852732178781e-01 1.933814641652229227e+01 1.496756927137856152e+01 1.171482260368369305e-02
2.389062500000000144e-01 -2.320312500000000153e-02 -8.559031216817114540e-02 4.869039680240216939e-01 1.934526627549907118e+01 1.498229674479769002e+01 1.167622424757570193e-02
2.542187499999999933e-01 -2.421875000000000069e-02 -8.666701886685945766e-02 4.851716773610847966e-01 1.929007312650559314e+01 1.496521261334443587e+01 1.171372840574063864e-02
2.584374999999999867e-01 -2.343750000000000000e-02 -8.579338431244920571e-02 4.863839196649566432e-01 1.931828628075532706e+01 1.493982407116258315e+01 1.156807436575407223e-02
2.649218750000000289e-01 -2.539062500000000000e-02 -8.495709941310769509e-02 4.885100099496497705e-01 1.934727638419538920e+01 1.494201103398505381e+01 1.168112468800958439e-02
2.746875000000000289e-01 -2.507812499999999972e-02 -8.612122659130694302e-02 4.864446136426003875e-01 1.932201428879504945e+01 1.496819291034620925e+01 1.149739542882641935e-02
2.839062500000000266e-01 -2.492187499999999958e-02 -8.439795085997126023e-02 4.840506613465578312e-01 1.930665903703472708e+01 1.504471915967529405e+01 1.176793888094466306e-02
2.904687499999999978e-01 -2.554687500000000014e-02 -8.461613536555612214e-02 4.841791427633079792e-01 1.928398551534432670e+01 1.495049881380213996e+01 1.184566040086888587e-02
3.032031250000000178e-01 -2.593750000000000222e-02 -8.722986070902605249e-02 4.792804275402406944e-01 1.925240269419857242e+01 1.493124182272380729e+01 1.133945412562632413e-02
3.079687500000000133e-01 -2.671874999999999944e-02 -8.524196392536431688e-02 4.797138233238795735e-01 1.935958627981759150e+01 1.495709499241378637e+01 1.170654141471624832e-02
3.175000000000000044e-01 -2.624999999999999903e-02 -8.542968251992189010e-02 4.834509173789136582e-01 1.927517372136183482e+01 1.492132549423947019e+01 1.160579437610016751e-02
3.310937500000000200e-01 -2.476562499999999944e-02 -8.469000894413269975e-02 4.768911602431202823e-01 1.921545443268968256e+01 1.495773485659216462e+01 1.160662534265768930e-02
3.369531250000000200e-01 -2.742187500000000180e-02 -8.442117711564556259e-02 4.744556085019002722e-01 1.926621058840359879e+01 1.490560769893764714e+01 1.168673233716944863e-02
3.435156249999999911e-01 -2.710937500000000153e-02 -8.509231177670217861e-02 4.735424078688321714e-01 1.947415005514742248e+01 1.500539461452957823e+01 1.185750016333657862e-02
3.525781250000000200e-01 -2.734375000000000000e-02 -8.262299778802884020e-02 4.713170372860453483e-01 1.942152317714077014e+01 1.490359583212456052e+01 1.167387242274483573e-02
3.637500000000000178e-01 -2.539062500000000000e-02 -8.444940086758112585e-02 4.759544210248156659e-01 1.934295950128928254e+01 1.498977483540606670e+01 1.176177415120314811e-02
3.637500000000000178e-01 -2.750000000000000014e-02 -8.410155930707041705e-02 4.728663947063838080e-01 1.930760491701573045e+01 1.491595986820304987e+01 1.188043166634241386e-02
3.707812500000000067e-01 -2.710937500000000153e-02 -8.209502811961089108e-02 4.717083846915715029e-01 1.942550988134775025e+01 1.494150621644601173e+01 1.199931207610922465e-02
3.824218750000000222e-01 -2.828125000000000083e-02 -8.225368959930978718e-02 4.662288588342722306e-01 1.937940540991316851e+01 1.500094880676065934e+01 1.173739757185954073e-02
3.939062500000000133e-01 -2.898437499999999972e-02 -8.229162092459052502e-02 4.660091067138827370e-01 1.926764665934904031e+01 1.492529857793137715e+01 1.154742725338941955e-02
4.031250000000000111e-01 -2.867187499999999944e-02 -8.527256704973229517e-02 4.663410670093126598e-01 1.933028559578876582e+01 1.490083995633034775e+01 1.182309123120196294e-02
4.121093750000000000e-01 -2.789062500000000222e-02 -8.584809171947593853e-02 4.596036770832867546e-01 1.942923868920601649e+01 1.486296387991144918e+01 1.180298891806236608e-02
4.192187500000000289e-01 -2.648437500000000097e-02 -8.123081058538650367e-02 4.593628793130966059e-01 1.936263780392115308e+01 1.493078617808017405e+01 1.191951471594325691e-02
4.288281250000000044e-01 -2.851562499999999931e-02 -8.313555081734813612e-02 4.644246386840578111e-01 1.940950760964268085e+01 1.487083199614659890e+01 1.175999714430202986e-02
4.339843750000000333e-01 -2.992187500000000056e-02 -8.471129942289046255e-02 4.557387373919974394e-01 1.928608733685170051e+01 1.487377048039472349e+01 1.172941688095011266e-02
4.431249999999999911e-01 -3.062499999999999944e-02 -8.335852210297201026e-02 4.605500511171145561e-01 1.936406363616861270e+01 1.489122351423149837e+01 1.190156209417043108e-02
4.492187500000000000e-01 -2.921875000000000167e-02 -8.365923597286606395e-02 4.544945725478921617e-01 1.941646907631623620e+01 1.489872197185797731e+01 1.183939611441127068e-02
4.600000000000000200e-01 -2.851562499999999931e-02 -8.450874941992037037e-02 4.562502963278092238e-01 1.931834797917505497e+01 1.489449943273772625e+01 1.201638449248196988e-02
4.799999999999999822e-01 -2.968750000000000208e-02 -8.290791891861770679e-02 4.529197209219182341e-01 1.934986311524695779e+01 1.491959780689421677e+01 1.177090939674687448e-02
4.748437500000000089e-01 -2.921875000000000167e-02 -8.426913225318966028e-02 4.518163638143501970e-01 1.936357581529782479e+01 1.501538056310427294e+01 1.193451331160302713e-02
4.825781250000000244e-01 -3.031249999999999917e-02 -8.574635893878745918e-02 4.509809977041090434e-01 1.936944520843355733e+01 1.482464108100655942e+01 1.163338639111767027e-02
4.904687500000000089e-01 -3.085937500000000139e-02 -8.323063246362671919e-02 4.446875426103336082e-01 1.932811449582100494e+01 1.487070892945282630e+01 1.183292923897640708e-02
4.998437500000000311e-01 -2.890625000000000139e-02 -8.539031851788614347e-02 4.437296312342020599e-01 1.946038564143907124e+01 1.480584176630392257e+01 1.166320776658526064e-02
5.018749999999999600e-01 -2.992187500000000056e-02 -8.598846512082314320e-02 4.421573035817916164e-01 1.931307902566283730e+01 1.480522142727170021e+01 1.157225462280564617e-02
5.163281250000000266e-01 -2.992187500000000056e-02 -8.642439510054833463e-02 4.391252092307507127e-01 1.928145756559192847e+01 1.480033396550853730e+01 1.175259995778169322e-02
5.299218749999999867e-01 -2.757812500000000194e-02 -8.697534858373989763e-02 4.364162051009978782e-01 1.938834834096578774e+01 1.492755230693202151e+01 1.159391767266433441e-02
5.390625000000000000e-01 -3.046874999999999931e-02 -8.653038158755732567e-02 4.381772801760996927e-01 1.948002280443209600e+01 1.483854110771650348e+01 1.185488232121894615e-02
5.455468749999999867e-01 -3.031249999999999917e-02 -8.713527579712332383e-02 4.323913517129129858e-01 1.930235969602477653e+01 1.482962171104503035e+01 1.181383809894500855e-02
5.432812500000000488e-01 -3.148437500000000194e-02 -8.539081033768214368e-02 4.330564642931022945e-01 1.932156679638535834e+01 1.484117947865661513e+01 1.183003756763681934e-02
5.595312500000000355e-01 -3.054687500000000111e-02 -8.810953875949545377e-02 4.280849500357231108e-01 1.933637870428617589e+01 1.478595025035881960e+01 1.180396231363909157e-02
5.667187500000000488e-01 -3.101562500000000153e-02 -8.384034658887040692e-02 4.256367879437394919e-01 1.939592373808187631e+01 1.482900940657080469e+01 1.163244885148961502e-02
5.719531250000000622e-01 -2.914062499999999986e-02 -8.719762100225514345e-02 4.274106270581334854e-01 1.941033858490127528e+01 1.473467076146822663e+01 1.186147778354667594e-02
5.835156249999999822e-01 -3.218750000000000083e-02 -8.688195148391919531e-02 4.239103065636129486e-01 1.932809352728271080e+01 1.483581472823370362e+01 1.180724552405567999e-02
5.938281250000000400e-01 -3.359374999999999861e-02 -8.741707646893193129e-02 4.248047439086244381e-01 1.929605493227159130e+01 1.478625538539095174e+01 1.194411174463567461e-02
5.941406249999999778e-01 -3.335937500000000361e-02 -8.727497190618160872e-02 4.207597341166824378e-01 1.932612368256068436e+01 1.475403395839676257e+01 1.160382481229483079e-02
6.155468750000000488e-01 -3.023437500000000083e-02 -8.844298400119132708e-02 4.192691689208549732e-01 1.953323768630582435e+01 1.475736733592826688e+01 1.188525398202280522e-02
6.093750000000000000e-01 -3.398437500000000416e-02 -8.599816056772402462e-02 4.102791661257931821e-01 1.935996320104544921e+01 1.473240605283245230e+01 1.186833542895526089e-02
6.225781249999999822e-01 -3.320312500000000000e-02 -8.817881469121990889e-02 4.103048718043345033e-01 1.940495271266846089e+01 1.471410042565085519e+01 1.173357302528155698e-02
6.317968750000000355e-01 -3.226562499999999917e-02 -8.633850679218291191e-02 4.111712527842481535e-01 1.939933765553362477e+01 1.478569607914174355e+01 1.192112318313642491e-02
6.410937500000000178e-01 -3.453124999999999944e-02 -8.707418748704620626e-02 4.057550057930958687e-01 1.930913479978221758e+01 1.472705716362518480e+01 1.173099230901508520e-02
6.544531249999999689e-01 -3.203124999999999722e-02 -8.951725236936436403e-02 4.033409593212189392e-01 1.931828815609249617e+01 1.465448178516711941e+01 1.161900021359068419e-02
6.642187499999999689e-01 -3.226562499999999917e-02 -8.914273603224387443e-02 3.995741411843445334e-01 1.941688004453999383e+01 1.473429606127427860e+01 1.167015429095016876e-02
6.676562500000000622e-01 -3.250000000000000111e-02 -8.874442524335890425e-02 3.934162579090738632e-01 1.937115508220574611e+01 1.466145717362076084e+01 1.167516192727769027e-02
6.779687500000000089e-01 -3.351562500000000028e-02 -9.007048388963712071e-02 3.974127233335567055e-01 1.941274511519574375e+01 1.458308453436078977e+01 1.161028549444524834e-02
6.847656250000000444e-01 -3.593750000000000416e-02 -9.221891360753353695e-02 3.963980037391623412e-01 1.923424090550151888e+01 1.459099734729304920e+01 1.161057334421374682e-02
6.963281249999999645e-01 -3.523437499999999833e-02 -9.123738487215593551e-02 3.914183450798081054e-01 1.928143028830439931e+01 1.458950587985693126e+01 1.179222410585903900e-02
6.950000000000000622e-01 -3.171875000000000389e-02 -9.335470713187632441e-02 3.914083756115349644e-01 1.926532640472865765e+01 1.455386024281169099e+01 1.159310414245085831e-02
7.122656250000000133e-01 -3.531250000000000361e-02 -9.279041833303303122e-02 3.811465887913811912e-01 1.935465510537689937e+01 1.460757520179915048e+01 1.158890765257443792e-02
7.138281250000000355e-01 -3.257812499999999944e-02 -9.282517228008657639e-02 3.800782220747978002e-01 1.919429138243167188e+01 1.460575953852218412e+01 1.175227560390863617e-02
7.260156250000000533e-01 -3.515625000000000000e-02 -9.448192369819752301e-02 3.792035366805501795e-01 1.919845815095771968e+01 1.459315666567413672e+01 1.163085402373998170e-02
7.359375000000000222e-01 -3.585937499999999889e-02 -9.541182345148557786e-02 3.775013127883308783e-01 1.926181477207869719e+01 1.463389033527253069e+01 1.176430500345317792e-02
7.389843750000000266e-01 -3.804687500000000083e-02 -9.774188052276144845e-02 3.746116105935559659e-01 1.919244546728014456e+01 1.451440134013909500e+01 1.142679767830174359e-02
7.458593749999999911e-01 -3.632812500000000278e-02 -9.628112698909507827e-02 3.682092605705511446e-01 1.925366860822885684e+01 1.459713440573762178e+01 1.149288330685951411e-02
7.563281250000000178e-01 -3.773437500000000056e-02 -9.685594007359243918e-02 3.704396959643529996e-01 1.910208719657098797e+01 1.451915238957829146e+01 1.130039413339589682e-02
7.695312500000000000e-01 -3.945312499999999861e-02 -9.713576362042619650e-02 3.660813381355820795e-01 1.922474133625404136e+01 1.449939124931717416e+01 1.145993682677412875e-02
7.775781250000000089e-01 -4.046874999999999778e-02 -9.924496385417258537e-02 3.604744731241948941e-01 1.912162480876874682e+01 1.443385782284216567e+01 1.134009687757076001e-02
7.853124999999999689e-01 -4.468749999999999806e-02 -9.909095204405637958e-02 3.656225107445676414e-01 1.922921650241060476e+01 1.452557893077434947e+01 1.153428134848059720e-02
7.887500000000000622e-01 -4.671875000000000333e-02 -9.977647251288024322e-02 3.609457912808311519e-01 1.917102188090752080e+01 1.450196515822045384e+01 1.134491924235301978e-02
7.986718750000000311e-01 -5.187500000000000444e-02 -9.890370828122829749e-02 3.582937623526127879e-01 1.924911119049657415e+01 1.453203726318327149e+01 1.145149227460583348e-02
8.147656250000000488e-01 -5.906250000000000389e-02 -9.596691458305661726e-02 3.595374559956177052e-01 1.914362582554583625e+01 1.447163956323638700e+01 1.129081067035506668e-02
8.197656250000000533e-01 -6.445312500000000000e-02 -9.460850027646072746e-02 3.578825941128016552e-01 1.918462915762179932e+01 1.447405000288253873e+01 1.142383933139706070e-02
8.245312500000000488e-01 -7.265625000000000555e-02 -9.934481438540476717e-02 3.518068054069178885e-01 1.907519410084670852e+01 1.435621921296906756e+01 1.120847479603328915e-02
8.305468750000000178e-01 -8.570312500000000500e-02 -9.780323663221013319e-02 3.491666337094967432e-01 1.917125630728823182e+01 1.456666988207004465e+01 1.111346928003914374e-02
8.439843750000000089e-01 -9.812500000000000389e-02 -9.910643121258111421e-02 3.519655650920716639e-01 1.915963801657069254e+01 1.453218465931501768e+01 1.107170843807013874e-02
8.520312500000000178e-01 -1.096875000000000072e-01 -1.019956124636123285e-01 3.516190243045835828e-01 1.917312887330722404e+01 1.447705341994158523e+01 1.125935182884183448e-02
8.603906249999999645e-01 -1.226562500000000083e-01 -1.023539498954506577e-01 3.521046989668930038e-01 1.922061665596090307e+01 1.455319169687265735e+01 1.130487110651412150e-02
8.600781250000000266e-01 -1.429687500000000056e-01 -1.009680681537283853e-01 3.481679196066567172e-01 1.910897228151671356e+01 1.451130510175835653e+01 1.129738693646880655e-02
8.755468750000000577e-01 -1.600000000000000033e-01 -9.929980584703068658e-02 3.480730958263400510e-01 1.908739796674861822e+01 1.449670107129568564e+01 1.117691906741687460e-02
8.829687499999999689e-01 -1.792187500000000100e-01 -1.015866248432750751e-01 3.506523834618580082e-01 1.909560669886609574e+01 1.450409852037818936e+01 1.124398700229982048e-02
8.938281249999999734e-01 -1.996093750000000056e-01 -1.011877735219046670e-01 3.471258540247657010e-01 1.909734871230928022e+01 1.450388539604326787e+01 1.110356001152898106e-02
8.965625000000000400e-01 -2.207031250000000000e-01 -1.006630055238266763e-01 3.430651179340493684e-01 1.908772594962716695e+01 1.445232866229709678e+01 1.127562719421560528e-02
9.154687500000000533e-01 -2.411718750000000078e-01 -1.015266847307572107e-01 3.433495904721084457e-01 1.909705172406909668e+01 1.437790533221441613e+01 1.088571992749709332e-02
9.263281250000000577e-01 -2.662499999999999867e-01 -1.039188584915473612e-01 3.435577473235751356e-01 1.901515807580006268e+01 1.440535925520407901e+01 1.111472703652388941e-02
9.323437500000000266e-01 -2.914843750000000178e-01 -1.055210530549244297e-01 3.476539107761356107e-01 1.901407079082009588e+01 1.446066288015924961e+01 1.105085363535781955e-02
9.391406250000000622e-01 -3.127343750000000089e-01 -1.073474765730497715e-01 3.450091545163846973e-01 1.914310055446815539e+01 1.445512583684920038e+01 1.112685088104198479e-02
9.428125000000000533e-01 -3.375000000000000222e-01 -1.070484588545084215e-01 3.476175393103408950e-01 1.910727774149251701e+01 1.451774991447007856e+01 1.124308794706148362e-02
9.453125000000000000e-01 -3.597656250000000333e-01 -1.086301579253268201e-01 3.428865452898666177e-01 1.908760553043955355e+01 1.448258569806071705e+01 1.129816123374441546e-02
9.557812500000000266e-01 -3.824218750000000222e-01 -1.063304572897161293e-01 3.445574930701411631e-01 1.907082686514979386e+01 1.435655777732353044e+01 1.112379291430611906e-02
9.533593750000000089e-01 -3.610937499999999911e-01 -1.070552117504508516e-01 3.382780591368428347e-01 1.906133775056552437e+01 1.442857458776243007e+01 1.123923015392322595e-02
9.381249999999999867e-01 -3.191406250000000111e-01 -1.087994020208538082e-01 3.344365983179553581e-01 1.915320879762275297e+01 1.442742225835694470e+01 1.110476588682536916e-02
9.372656249999999911e-01 -2.808593750000000222e-01 -1.095807515557489786e-01 3.404502912646600876e-01 1.912341082972134032e+01 1.446683959904647487e+01 1.085029172435680173e-02
9.278125000000000400e-01 -2.482812500000000089e-01 -1.085831250665081349e-01 3.333055099106196906e-01 1.897722045512898603e+01 1.439530268540601199e+01 1.111573606167662147e-02
9.250000000000000444e-01 -2.228906250000000089e-01 -1.094986746277504253e-01 3.403892451050438694e-01 1.905736927947800652e+01 1.433241987353309277e+01 1.111459519983982840e-02
9.124218750000000488e-01 -1.981249999999999956e-01 -1.861459902610773653e-01 2.597742766703214912e-01 1.824301816348013716e+01 1.416353736928163087e+01 5.989805387263813855e-03
9.100000000000000311e-01 -1.731250000000000011e-01 -1.870316515065306717e-01 2.772629206671650692e-01 1.825195292938493097e+01 1.416417065705566003e+01 5.480025273643357453e-03
8.994531249999999645e-01 -1.553124999999999922e-01 -1.787106702853091811e-01 2.802998413531154753e-01 1.820506105427571697e+01 1.417906175849984862e+01 5.973949384446115667e-03
8.900000000000000133e-01 -1.335937500000000111e-01 -1.450191271551770633e-01 2.736711054745599725e-01 1.864910249715449453e+01 1.419459018327435729e+01 5.134843664507278242e-03
8.813281250000000178e-01 -1.192187499999999983e-01 -8.517926487627835996e-02 3.183496395372298338e-01 1.885823308818039123e+01 1.432690427761577290e+01 3.556977393568580299e-03
8.748437500000000311e-01 -1.046875000000000028e-01 -6.315520845703304076e-02 3.517758572475493395e-01 1.869764443932173137e+01 1.268079927831829679e+01 1.171002218266770957e-03
8.703125000000000444e-01 -9.484375000000000444e-02 -7.699483001932794224e-03 2.777367378079764748e-01 1.968055205635053895e+01 1.515707821884953965e+01 5.455897938209404831e-04
8.619531249999999867e-01 -8.234375000000000722e-02 1.320534223339109303e-02 3.711166361997086938e-01 1.947210122752323613e+01 1.062450678672933080e+01 2.965861981308675027e-04
8.501562500000000577e-01 -7.179687499999999611e-02 8.755075001349865715e-02 2.089203814184648067e-01 2.322112008157878194e+01 1.383394657545604822e+01 2.639819042449803718e-04
8.440625000000000488e-01 -6.484375000000000555e-02 -2.057810714070074098e-02 4.692386563786010711e-01 1.764028747482316817e+01 1.253089034614158948e+01 6.921806238055175798e-04
8.353906250000000533e-01 -5.671874999999999833e-02 -6.103261401322335189e-02 3.551226416372843531e-01 1.850031551413528774e+01 1.320808410401912703e+01 1.129795403393223183e-03
8.217187500000000533e-01 -5.148437499999999889e-02 -7.045709854834880659e-02 3.236326856542737218e-01 1.901027689426550538e+01 1.419610711324611074e+01 2.466657889936916398e-03
8.075781250000000355e-01 -5.015624999999999944e-02 -8.102377277542371914e-02 3.392187277404756784e-01 1.922173733927139594e+01 1.437150308905968465e+01 3.967991859567092557e-03
8.103906250000000311e-01 -4.484375000000000167e-02 -8.497501262360040997e-02 3.448579800363615888e-01 1.919387936152498497e+01 1.441412946232609293e+01 5.842489962762920791e-03
8.046875000000000000e-01 -3.929687500000000194e-02 -8.493360969782370873e-02 3.275564341392422918e-01 1.908118450248864661e+01 1.446607132330706769e+01 8.219612683191988498e-03
7.916406249999999867e-01 -3.820312499999999750e-02 -8.371609602473295553e-02 3.372090909713021389e-01 1.911253884857922714e+01 1.440744146614059851e+01 9.407307564803011821e-03
7.778906250000000577e-01 -3.687499999999999806e-02 -8.890900740540219616e-02 3.360953463270588415e-01 1.897113087231088357e+01 1.456096644577401555e+01 1.017852454187385437e-02
7.738281249999999778e-01 -3.554687499999999861e-02 -9.339457826742503244e-02 3.447749646176001548e-01 1.903132912339651384e+01 1.441500422018494909e+01 1.063990953272594790e-02
7.681250000000000577e-01 -3.320312500000000000e-02 -9.824156276321271974e-02 3.418610118393727859e-01 1.901890241836580842e+01 1.446018344471491446e+01 1.100168762110814019e-02
7.605468750000000666e-01 -3.351562500000000028e-02 -1.006500753766959022e-01 3.508191975984065181e-01 1.917504920653036748e+01 1.449328058613463099e+01 1.100017998409832942e-02
7.486718749999999867e-01 -3.320312500000000000e-02 -1.001770442772720315e-01 3.445765563777181129e-01 1.914789603394017092e+01 1.450300981721732008e+01 1.108478789757737573e-02
7.470312500000000355e-01 -2.984375000000000222e-02 -1.014829457586463590e-01 3.418086867165381904e-01 1.913704223799535953e+01 1.450606493373824968e+01 1.098429871240225002e-02
7.307812500000000488e-01 -3.117187500000000167e-02 -1.034328045772081595e-01 3.550849011871193284e-01 1.923226751563352366e+01 1.453059612040047277e+01 1.097108696626244995e-02
7.217187499999999645e-01 -2.921875000000000167e-02 -1.090473736342301159e-01 3.572359082392395635e-01 1.916780796360424333e+01 1.442875756883243987e+01 1.120859767355770510e-02
7.187500000000000000e-01 -2.992187500000000056e-02 -1.087274596806575566e-01 3.530283767914310644e-01 1.926801775224929969e+01 1.455226961088051318e+01 1.123540386256445880e-02
7.033593750000000089e-01 -2.992187500000000056e-02 -1.081648008914526393e-01 3.561004943839263248e-01 1.911637284450172203e+01 1.456903723282133178e+01 1.119565008221275020e-02
7.011718750000000000e-01 -3.015624999999999903e-02 -1.060223133792059791e-01 3.576161121870091719e-01 1.906780192548029973e+01 1.452610112412198440e+01 1.113542556644308429e-02
7.007812500000000222e-01 -2.640624999999999917e-02 -1.051743852339193097e-01 3.612767997748900228e-01 1.921654613568678727e+01 1.449053745500131463e+01 1.110355220801315448e-02
6.942968750000000355e-01 -2.945312500000000014e-02 -1.068196099947571476e-01 3.582911800109611633e-01 1.921423049635777502e+01 1.450204210917705794e+01 1.137815515118971096e-02
6.750781249999999734e-01 -2.992187500000000056e-02 -1.045925745152276320e-01 3.552527300938246313e-01 1.918833541675486742e+01 1.448582098661639783e+01 1.141844822224206447e-02
6.757812500000000000e-01 -2.820312499999999903e-02 -1.089580846240001399e-01 3.584931842721905682e-01 1.914825447085981480e+01 1.456596054442478838e+01 1.115543806751491222e-02
6.577343749999999822e-01 -2.890625000000000139e-02 -1.063430278838262133e-01 3.642489837084594839e-01 1.923916165353946539e+01 1.451102043521848728e+01 1.125537756165402754e-02
6.535156250000000444e-01 -2.859375000000000111e-02 -1.035335810613102758e-01 3.642163807369147577e-01 1.918250821887957969e+01 1.456061405586256186e+01 1.136967293769742399e-02
6.503124999999999600e-01 -2.953125000000000194e-02 -1.031151165248211932e-01 3.669388786650795709e-01 1.920727969541415092e+01 1.457696121026844338e+01 1.119625816971811516e-02
6.314062500000000577e-01 -2.757812500000000194e-02 -1.031788679301870459e-01 3.669552492378880260e-01 1.913531058895552661e+01 1.448149044875512104e+01 1.128139236589578188e-02
6.300781250000000444e-01 -2.843750000000000097e-02 -1.027562951724458884e-01 3.669897296434188050e-01 1.917130191669691186e+01 1.462261124662635403e+01 1.154429305505053939e-02
6.182812500000000044e-01 -2.773437500000000208e-02 -1.022007831879889750e-01 3.679793610263049075e-01 1.933813112175610271e+01 1.457797054162948669e+01 1.152129107865972925e-02
6.152343750000000000e-01 -2.750000000000000014e-02 -1.040111117101449878e-01 3.710436388026483456e-01 1.925865710076771364e+01 1.463318341058328542e+01 1.148003708195474530e-02
6.028906250000000133e-01 -2.812500000000000069e-02 -1.025376756746299023e-01 3.738800751636128794e-01 1.923774020989715083e+01 1.473360503404967936e+01 1.144089851498758005e-02
5.980468749999999778e-01 -2.695312500000000139e-02 -1.013507157166637640e-01 3.692894810335634048e-01 1.928980654135211026e+01 1.464677562461144511e+01 1.138868829172676005e-02
5.824218749999999778e-01 -2.468750000000000111e-02 -1.034262479744585406e-01 3.781053768417308447e-01 1.928256227972697090e+01 1.455495533522691787e+01 1.132154268648672378e-02
5.722656250000000000e-01 -2.875000000000000125e-02 -1.001474672411073463e-01 3.801502471808326789e-01 1.930945720176510605e+01 1.466446320242837587e+01 1.154378412499920507e-02
5.724218749999999689e-01 -2.765625000000000028e-02 -1.010059106347327429e-01 3.857687961937195098e-01 1.927145994857441380e+01 1.466085138712463021e+01 1.145327790830133301e-02
5.636718750000000444e-01 -2.742187500000000180e-02 -1.005039012227482154e-01 3.823590330845227925e-01 1.924891756220508299e+01 1.473515454653937340e+01 1.160604437662223279e-02
5.531249999999999778e-01 -2.523437499999999986e-02 -9.857488574038786311e-02 3.842411110704935240e-01 1.929362370481275235e+01 1.465201490207634549e+01 1.162071802232149745e-02
5.504687500000000622e-01 -2.812500000000000069e-02 -9.888806801764404852e-02 3.919109876948878579e-01 1.925492241800422022e+01 1.466721226945047896e+01 1.137134545944236408e-02
5.365625000000000533e-01 -2.710937500000000153e-02 -9.717094330529141288e-02 3.884460332752581735e-01 1.940957437254896689e+01 1.473935052110632959e+01 1.147658208609037174e-02
5.331249999999999600e-01 -2.781250000000000042e-02 -9.766387600674830693e-02 3.861117240180123034e-01 1.928334377012776812e+01 1.469222939948243578e+01 1.127568071958816136e-02
5.246874999999999734e-01 -2.531250000000000167e-02 -9.409765601209318930e-02 3.908481333834146199e-01 1.922733704665314391e+01 1.472841525368461646e+01 1.122806288075737721e-02
5.127343749999999645e-01 -2.695312500000000139e-02 -9.484156942258792355e-02 3.969040978678339826e-01 1.927589582335576779e+01 1.472271035541423601e+01 1.147295844826808249e-02
5.146093750000000355e-01 -2.648437500000000097e-02 -9.697037390271612267e-02 3.990441961168489371e-01 1.932880617497134423e+01 1.471597344880221314e+01 1.159782710573679237e-02
4.974218750000000133e-01 -2.843750000000000097e-02 -9.418484382540670552e-02 3.934447029815046903e-01 1.931899733991957291e+01 1.470380630188735793e+01 1.139573728129012961e-02
4.949218750000000111e-01 -2.781250000000000042e-02 -9.451953768329079963e-02 4.033481622538026556e-01 1.925867678970959318e+01 1.474099352363959703e+01 1.161061069029682355e-02
4.792187500000000266e-01 -2.742187500000000180e-02 -9.256336562672995427e-02 4.061859726820715721e-01 1.924302643336637431e+01 1.478980587546570113e+01 1.150828877179963655e-02
4.691406250000000333e-01 -2.765625000000000028e-02 -9.129381938577374456e-02 4.026696825188968987e-01 1.929805418179185494e+01 1.465669512156854815e+01 1.148337566035546181e-02
4.642187500000000133e-01 -2.523437499999999986e-02 -9.002450642431325534e-02 4.100441971604862346e-01 1.947585455565172552e+01 1.472784748961903212e+01 1.143700492149815964e-02
4.525000000000000133e-01 -2.546875000000000180e-02 -8.924149197850894666e-02 4.066964049312282725e-01 1.930144500367536509e+01 1.478924982576246272e+01 1.140131269872648144e-02
4.429687500000000222e-01 -2.554687500000000014e-02 -8.680043454426522587e-02 4.113067287215388390e-01 1.937967135124534934e+01 1.475289155812267872e+01 1.148254519831723788e-02
4.407031250000000289e-01 -2.609374999999999889e-02 -8.267345080974486393e-02 4.121939605255198202e-01 1.924660896605438865e+01 1.479534441245869658e+01 1.097827362104154131e-02
4.335937500000000000e-01 -2.632812500000000083e-02 -7.999831816809521712e-02 4.154741666398509281e-01 1.930678644765131224e+01 1.472556846341473502e+01 1.086684532965871176e-02
4.232812499999999978e-01 -2.476562499999999944e-02 -7.245517023019010239e-02 4.162601355862216579e-01 1.934436680832836686e+01 1.489430064234549889e+01 1.065390326980485310e-02
4.211718750000000289e-01 -2.554687500000000014e-02 -7.371796897917004543e-02 4.132520316481258504e-01 1.933345907395036534e+01 1.479595133505743476e+01 9.913526020235810185e-03
4.111718750000000200e-01 -2.554687500000000014e-02 -7.140660838655943365e-02 4.159347067614005411e-01 1.932749558015066427e+01 1.475833699986464609e+01 9.563183208903300314e-03
3.935937500000000200e-01 -2.281249999999999944e-02 -6.963282712456608792e-02 4.258903827678572895e-01 1.922523055062286446e+01 1.478271345867637976e+01 9.142324993897754312e-03
3.891406250000000178e-01 -2.437500000000000083e-02 -6.808703567510177024e-02 4.207294835083086326e-01 1.920790997995480964e+01 1.479114542460533244e+01 8.762577154901009246e-03
3.789843749999999845e-01 -2.421875000000000069e-02 -6.670758248444874638e-02 4.236398971125154844e-01 1.917517680629731558e+01 1.475315709664547903e+01 8.593963980593935514e-03
3.685937499999999978e-01 -2.421875000000000069e-02 -6.803164234350234096e-02 4.304488915004567318e-01 1.934430277892418104e+01 1.494188205661573932e+01 8.420317746140193113e-03
3.596093750000000089e-01 -2.484375000000000125e-02 -7.041555768035889784e-02 4.289192944721076373e-01 1.925624412061970148e+01 1.486128150529500935e+01 8.815065059666905498e-03
3.501562500000000022e-01 -2.585937500000000042e-02 -6.804685202177473968e-02 4.352637998427555388e-01 1.928414420958220177e+01 1.472923732030375099e+01 8.947584938031183724e-03
3.483593750000000266e-01 -2.453125000000000097e-02 -6.990750385584831861e-02 4.367332624637842997e-01 1.930401174442980761e+01 1.486222988995101524e+01 9.417999147205553118e-03
3.367968749999999956e-01 -2.468750000000000111e-02 -6.959108919376566504e-02 4.345423441894480376e-01 1.930929679537559096e+01 1.495923223240371946e+01 9.561888388136527417e-03
3.260937500000000155e-01 -2.249999999999999917e-02 -7.433219084874709282e-02 4.416938897660926955e-01 1.934753320011467537e+01 1.494173587348217147e+01 1.030759944986705742e-02
3.146093750000000244e-01 -2.125000000000000153e-02 -7.476832555554091542e-02 4.488318949579239714e-01 1.931355233916304215e+01 1.487139782847181912e+01 1.054747833734360346e-02
3.121875000000000067e-01 -2.328124999999999986e-02 -8.046878942571389359e-02 4.540175119908118617e-01 1.932062008685180032e+01 1.496074965658137046e+01 1.113586510092503916e-02
2.959375000000000200e-01 -2.367187500000000194e-02 -8.314940849408758439e-02 4.581017300631096134e-01 1.937350826254397163e+01 1.499954825343501419e+01 1.142217311553347762e-02
2.927343749999999911e-01 -2.328124999999999986e-02 -8.695359861049523076e-02 4.597490429618211749e-01 1.932310883813807223e+01 1.490451705350625389e+01 1.164356865928743712e-02
2.852343749999999845e-01 -2.351562500000000180e-02 -9.061813912374372393e-02 4.654941820879221481e-01 1.932501984219809543e+01 1.494916006099614414e+01 1.183981614470263136e-02
2.902343749999999889e-01 -2.234374999999999903e-02 -9.514133452274142755e-02 4.650008186371179519e-01 1.930284073483444018e+01 1.491656775769691023e+01 1.171904109410356817e-02
2.727343750000000289e-01 -2.203124999999999875e-02 -9.484308690966836153e-02 4.647982895353841570e-01 1.942112198428272407e+01 1.493953107057926921e+01 1.194242236491118055e-02
2.596875000000000155e-01 -2.359375000000000014e-02 -9.626580991223265826e-02 4.648119160374442060e-01 1.938665099776127576e+01 1.489200836229006697e+01 1.169678321316482139e-02
2.546093750000000266e-01 -1.984375000000000028e-02 -9.714931569915208343e-02 4.642866762427866334e-01 1.935297325180310679e+01 1.481988051880324697e+01 1.206915934271131016e-02
2.446875000000000022e-01 -2.164062500000000014e-02 -1.003588718910153332e-01 4.629993348441052703e-01 1.935693535021328060e+01 1.497005048888544820e+01 1.224476315517345273e-02
2.391406249999999956e-01 -2.156250000000000180e-02 -9.940411696058859548e-02 4.655095942243114848e-01 1.935778333125206530e+01 1.499578108245600028e+01 1.224486620119932118e-02
2.360156250000000067e-01 -2.343750000000000000e-02 -9.853902645252654580e-02 4.697547285338554701e-01 1.928968759491278462e+01 1.494624429781722164e+01 1.213187276729804816e-02
2.214843750000000111e-01 -2.343750000000000000e-02 -9.928201538986769492e-02 4.684152766592175610e-01 1.935713911731392400e+01 1.493265756321535953e+01 1.201112230371862745e-02
2.285937500000000122e-01 -2.085937499999999944e-02 -1.002842112751034520e-01 4.784346138805739557e-01 1.932821462660676914e+01 1.501861121219367412e+01 1.209859376621931840e-02
2.338281249999999978e-01 -2.132812499999999986e-02 -9.670224918161274275e-02 4.783243938468517698e-01 1.929608893790205570e+01 1.494034512444496343e+01 1.185362055231104807e-02
2.513281250000000133e-01 -2.562500000000000194e-02 -9.694975533884875318e-02 4.762308193242192900e-01 1.932459652896949720e+01 1.490878675659881303e+01 1.225162335576997046e-02
2.564062500000000022e-01 -2.234374999999999903e-02 -9.797798884865205338e-02 4.801545915955607313e-01 1.939837172409202637e+01 1.492261284898362206e+01 1.196642024509215335e-02
2.507031250000000266e-01 -2.492187499999999958e-02 -9.533770370939720351e-02 4.756616735746010960e-01 1.940411744256849857e+01 1.500293889529838154e+01 1.230929410910824862e-02
2.675000000000000155e-01 -2.601562500000000056e-02 -9.179632181881558495e-02 4.754471361152701192e-01 1.940830241628633956e+01 1.489140650595508930e+01 1.224316758894106183e-02
2.750781250000000067e-01 -2.437500000000000083e-02 -9.095765105557873653e-02 4.799145422448747311e-01 1.931862646802307992e+01 1.501119380223949129e+01 1.202161625061579781e-02
2.850000000000000311e-01 -2.414062499999999889e-02 -8.795588597055870039e-02 4.716160786176759601e-01 1.945507610234863805e+01 1.505803373835903081e+01 1.201747699406888713e-02
2.930468749999999845e-01 -2.523437499999999986e-02 -8.986598040914284269e-02 4.772269119681871175e-01 1.933194858577349606e+01 1.497640758795862759e+01 1.195917978560463203e-02
3.046875000000000000e-01 -2.617187500000000069e-02 -8.978033445836697268e-02 4.743926334666692668e-01 1.940721279717599757e+01 1.497039458619627972e+01 1.212131501074988939e-02
3.096875000000000044e-01 -2.617187500000000069e-02 -8.570232515909825821e-02 4.797896669255230506e-01 1.945698601726487809e+01 1.505788090890910880e+01 1.191635667145445575e-02
3.187500000000000333e-01 -2.750000000000000014e-02 -8.676297772045593604e-02 4.749166965041906607e-01 1.936911082918474847e+01 1.493492005340312723e+01 1.201219799375828970e-02
3.294531250000000133e-01 -2.679687500000000125e-02 -8.640032192118729526e-02 4.785953862272318560e-01 1.930117551053906766e+01 1.494482347662419741e+01 1.170167233827866700e-02
3.342187500000000089e-01 -2.695312500000000139e-02 -8.843091783804490902e-02 4.791161364591012273e-01 1.921864983779689595e+01 1.497451392103086221e+01 1.165459206998600838e-02
3.438281249999999845e-01 -2.742187500000000180e-02 -8.541472884614487171e-02 4.786276831834079815e-01 1.925673617881131605e+01 1.497801990788987681e+01 1.167988549714174540e-02
3.548437500000000133e-01 -2.757812500000000194e-02 -8.697227614617997205e-02 4.725294317727612992e-01 1.941954953419962138e+01 1.496968404869839731e+01 1.170655744757943297e-02
3.598437500000000178e-01 -2.867187499999999944e-02 -8.304101841876132539e-02 4.763590427421027229e-01 1.928812213246578011e+01 1.498558898578341392e+01 1.185487315232652480e-02
3.650781250000000311e-01 -2.757812500000000194e-02 -8.553460984760397068e-02 4.741241021750663975e-01 1.935609947517543006e+01 1.487292470832916536e+01 1.178437849526949022e-02
3.789843749999999845e-01 -2.539062500000000000e-02 -8.358711659756101753e-02 4.759759093434068333e-01 1.932089874336849888e+01 1.499350216231910693e+01 1.157647627060664867e-02
3.884374999999999911e-01 -2.843750000000000097e-02 -8.504416846767393068e-02 4.717216944961410974e-01 1.940537105759502268e+01 1.500701342185405629e+01 1.205951092653003223e-02
3.868750000000000244e-01 -2.921875000000000167e-02 -8.317264241403110603e-02 4.691288404581994698e-01 1.942444819374383158e+01 1.491827307623055354e+01 1.175828039468212148e-02
3.955468750000000200e-01 -2.507812499999999972e-02 -8.396744116216936504e-02 4.605926028473428246e-01 1.938272368406423851e+01 1.494887033277830923e+01 1.187849175711749340e-02
4.039843750000000067e-01 -2.804687499999999889e-02 -7.991701620847502241e-02 4.642501138089727419e-01 1.944835035087612241e+01 1.492779519891363194e+01 1.174964381524104366e-02
4.190625000000000044e-01 -2.664062500000000111e-02 -8.169073849410013466e-02 4.613661392023793439e-01 1.936964111561196589e+01 1.493471174473742558e+01 1.187488071005970112e-02
4.256250000000000311e-01 -2.937500000000000180e-02 -8.206880495316148938e-02 4.688134796614118471e-01 1.945200046965880247e+01 1.491841896625804331e+01 1.194305553165045906e-02
4.317968750000000244e-01 -2.734375000000000000e-02 -8.359965792542611851e-02 4.581402655201793905e-01 1.939232226730471709e+01 1.487797751805329760e+01 1.204352609585683347e-02
4.460156250000000266e-01 -2.976562500000000042e-02 -8.195654039707678251e-02 4.602311038151229994e-01 1.936305186744756313e+01 1.490280984693032451e+01 1.192408981722302939e-02
4.553906249999999933e-01 -2.960937500000000028e-02 -8.330856955025556232e-02 4.587599616971083094e-01 1.943683420544032003e+01 1.491594542410006063e+01 1.189860326526046008e-02
4.590624999999999845e-01 -2.984375000000000222e-02 -8.179148655789170164e-02 4.590733350180453698e-01 1.933793761932625088e+01 1.487029307980523285e+01 1.185527214114749477e-02
4.614843750000000022e-01 -3.078124999999999958e-02 -8.454644505745401162e-02 4.563533054204205186e-01 1.942650199035009706e+01 1.488284051577784339e+01 1.199784334852343169e-02
4.728125000000000244e-01 -2.960937500000000028e-02 -8.266830068360819794e-02 4.534295898792839452e-01 1.944288329655758574e+01 1.492872806236435146e+01 1.182054846599549930e-02
4.835156250000000044e-01 -3.039062500000000097e-02 -8.485593285677550668e-02 4.508926242617228297e-01 1.936566089578197492e+01 1.488069799887095357e+01 1.187273806206368479e-02
4.911718750000000355e-01 -3.148437500000000194e-02 -8.669758172574759669e-02 4.478939795337533170e-01 1.933307253987452512e+01 1.498251059302052468e+01 1.174314846035193899e-02
5.028124999999999956e-01 -2.976562500000000042e-02 -8.567094735916214177e-02 4.481918446433530434e-01 1.937924736202506537e+01 1.493023602599416400e+01 1.204776633502477844e-02
5.116406249999999600e-01 -3.156250000000000028e-02 -8.633935580025786649e-02 4.417282183700965703e-01 1.937145772710562852e+01 1.481267989219944958e+01 1.190322581001247541e-02
5.157031250000000400e-01 -2.960937500000000028e-02 -8.529556802494564494e-02 4.404135640627693249e-01 1.944063592522888939e+01 1.492759305752695020e+01 1.184205002603118742e-02
5.297656250000000178e-01 -3.140625000000000361e-02 -8.766270446132207184e-02 4.421144319288083935e-01 1.933567718008316305e+01 1.483180024520956408e+01 1.174435642265091520e-02
5.342187499999999645e-01 -2.968750000000000208e-02 -8.775039600739109602e-02 4.393636743038165093e-01 1.944944337850667537e+01 1.485789481753718810e+01 1.197186598821720765e-02
5.402343750000000444e-01 -3.125000000000000000e-02 -8.796227171909976050e-02 4.377832366885936466e-01 1.940905850455587967e+01 1.486421452411682509e+01 1.183589019109651704e-02
5.457031250000000666e-01 -3.078124999999999958e-02 -8.866655465900041833e-02 4.340777127374906286e-01 1.931412525751841258e+01 1.481402394954792356e+01 1.180742300078753589e-02
5.636718750000000444e-01 -3.187500000000000056e-02 -8.800911940830546953e-02 4.337058573077534618e-01 1.937234396508650391e+01 1.486506506608928113e+01 1.190817752815312436e-02
5.740625000000000311e-01 -3.093749999999999972e-02 -9.067638094979457719e-02 4.272076123394752400e-01 1.930563331638898816e+01 1.485974226423753208e+01 1.194762635227699168e-02
5.658593750000000533e-01 -3.164062499999999861e-02 -8.881893649966832172e-02 4.311938464914177871e-01 1.929345322736655177e+01 1.481398012830360678e+01 1.205467109858141331e-02
5.669531250000000577e-01 -2.921875000000000167e-02 -8.860812721954713922e-02 4.298237762012657726e-01 1.934355696444725226e+01 1.479744053021785888e+01 1.172288374391659838e-02
5.651562500000000266e-01 -2.789062500000000222e-02 -8.966404045878118012e-02 4.228621599760673533e-01 1.931017276460311294e+01 1.475873269933134502e+01 1.187413435601289771e-02
5.625781250000000400e-01 -2.804687499999999889e-02 -8.998614914065283799e-02 4.254681138973204213e-01 1.934559904749433912e+01 1.480050012731126685e+01 1.196443119823780918e-02
5.655468750000000044e-01 -2.726562500000000167e-02 -8.898065678726307937e-02 4.206615426671334035e-01 1.943631407888983631e+01 1.481863419865237752e+01 1.187494305148255672e-02
5.684375000000000400e-01 -3.015624999999999903e-02 -8.742703115089955901e-02 4.203097764924557111e-01 1.947595480288074299e+01 1.478435107896734557e+01 1.188051778540758288e-02
5.655468750000000044e-01 -2.882812499999999958e-02 -8.457434738285973808e-02 4.221698812725938055e-01 1.934745789340435351e+01 1.480784315484936009e+01 1.170933106099544645e-02
5.683593750000000000e-01 -2.914062499999999986e-02 -8.992299340238041339e-02 4.242290675620541407e-01 1.925853881289112479e+01 1.476980052030728174e+01 1.190918477862608696e-02
5.689062500000000577e-01 -2.890625000000000139e-02 -8.772810311351575407e-02 4.237989408121700663e-01 1.937383380885992068e+01 1.473178266082369703e+01 1.189875190022942307e-02
5.662500000000000311e-01 -3.093749999999999972e-02 -8.884383011469321190e-02 4.227714057015941052e-01 1.934912539382252206e+01 1.478727911381365701e+01 1.165772153383746144e-02
5.634375000000000355e-01 -2.937500000000000180e-02 -8.938428454524638411e-02 4.186258531573727737e-01 1.928671135645213752e+01 1.483487505896023251e+01 1.171970499999353162e-02
