# I20180835 #229 CV with XRD
# Potential / V, Current Density / mA/cm^2, Strain ip / %, Strain oop / %, d ip / nm, d oop / nm, Intensity (area ip)
3.664843750000000289e-01 -2.992187500000000056e-02 -9.019794130025182710e-02 4.301860905556287307e-01 1.944337539568590856e+01 1.478663202138977262e+01 1.216368379326501943e-02
3.713281250000000089e-01 -3.132812499999999833e-02 -8.945937702182771289e-02 4.329614331987086118e-01 1.939314479230532484e+01 1.479736448383650504e+01 1.196155582058461807e-02
3.668750000000000067e-01 -3.109374999999999986e-02 -9.127520676416311929e-02 4.308848654304808790e-01 1.938541778193422971e+01 1.491424839498921351e+01 1.215174170273021145e-02
3.789062500000000000e-01 -3.343750000000000194e-02 -9.163559101914575677e-02 4.300770575266010809e-01 1.947975082635801058e+01 1.481450470932819741e+01 1.205505652370292453e-02
3.865625000000000311e-01 -3.507812500000000167e-02 -9.039623925886086653e-02 4.302333766436294837e-01 1.939012862153877492e+01 1.481208071864661591e+01 1.199617941860185721e-02
3.942968749999999911e-01 -3.210937500000000250e-02 -9.256573101241727386e-02 4.277531358960029451e-01 1.945126369179598669e+01 1.483605668943541822e+01 1.191573739857344251e-02
4.049218749999999867e-01 -3.507812500000000167e-02 -8.962979812527915868e-02 4.195250250346838072e-01 1.940347850281330366e+01 1.493856571531539323e+01 1.229914316565683223e-02
4.099218749999999911e-01 -3.445312500000000111e-02 -9.009833136724987313e-02 4.247411171040438305e-01 1.947071959282335030e+01 1.490331769801842654e+01 1.227422425858870104e-02
4.178906250000000155e-01 -3.554687499999999861e-02 -9.238524797963165724e-02 4.196079453136825066e-01 1.942134972835065199e+01 1.472174428295780224e+01 1.228618402643350503e-02
4.213281249999999978e-01 -3.429687499999999750e-02 -8.838149172951670351e-02 4.103472229943117000e-01 1.945707040883800687e+01 1.484104195244807300e+01 1.216362363015603687e-02
4.343750000000000111e-01 -3.601562500000000250e-02 -9.019362139746078810e-02 4.190013121845304056e-01 1.943112166493085269e+01 1.481113652775069234e+01 1.219811751462891031e-02
4.571875000000000244e-01 -3.742187500000000028e-02 -9.284879637362353222e-02 4.178417742712214888e-01 1.952193641107464117e+01 1.479053092315659690e+01 1.251426275823621682e-02
4.551562499999999845e-01 -3.734375000000000194e-02 -8.962683968738449636e-02 4.152115669060485459e-01 1.947840261273972828e+01 1.482387963956291799e+01 1.215891030453651253e-02
4.581250000000000044e-01 -3.546875000000000028e-02 -9.358333860891576705e-02 4.094294358172989590e-01 1.933558304273176276e+01 1.479985317112811138e+01 1.228710648506720592e-02
4.658593750000000200e-01 -3.960937500000000222e-02 -9.306575754993717808e-02 4.073660256690869730e-01 1.945273318639571158e+01 1.479268417721339368e+01 1.218897691413320383e-02
4.778125000000000289e-01 -3.687499999999999806e-02 -9.458242845029607437e-02 4.073398716881726500e-01 1.941204147229909438e+01 1.473224043878150091e+01 1.233906328189319015e-02
4.947656249999999867e-01 -3.960937500000000222e-02 -9.665119807573674393e-02 4.052828372329342344e-01 1.935526276416057101e+01 1.471549477235735282e+01 1.228240128820647092e-02
4.982031250000000244e-01 -3.921875000000000361e-02 -9.516886367129107072e-02 3.940361090067456828e-01 1.950881670332469398e+01 1.466809678114234750e+01 1.209324415921413272e-02
5.102343750000000178e-01 -3.812499999999999917e-02 -9.721421683123177004e-02 3.920839002629517012e-01 1.934109390584494292e+01 1.469928592522110478e+01 1.215183540986437306e-02
5.113281250000000222e-01 -3.867187500000000139e-02 -9.722471527269238578e-02 3.901083742755995232e-01 1.936074120808659416e+01 1.469759732592453894e+01 1.210556918852009542e-02
5.132812500000000222e-01 -3.992187500000000250e-02 -9.820678664643756051e-02 3.930995160615902151e-01 1.943455221466158278e+01 1.470685880836655279e+01 1.217458555658740629e-02
5.321093749999999956e-01 -4.046874999999999778e-02 -9.758159778425756770e-02 3.876807145259508758e-01 1.932468113671926702e+01 1.473371915726578152e+01 1.202905341154249762e-02
5.356250000000000178e-01 -3.906250000000000000e-02 -9.911300624048102748e-02 3.785415951545134661e-01 1.936782371767251476e+01 1.463722183572241242e+01 1.197614345363356980e-02
5.526562499999999600e-01 -4.046874999999999778e-02 -1.016178676164769534e-01 3.888073772767342007e-01 1.929066154950876921e+01 1.463398864633348140e+01 1.207243061421003037e-02
5.496874999999999956e-01 -4.382812500000000250e-02 -1.006235409460987107e-01 3.839481718673765087e-01 1.923898320302524567e+01 1.463567852571655692e+01 1.161722065145104343e-02
5.619531250000000533e-01 -4.117187500000000361e-02 -1.000047123913883063e-01 3.759243244797039196e-01 1.921888709646764681e+01 1.462587408631011598e+01 1.179135994047672033e-02
5.673437500000000355e-01 -4.406249999999999750e-02 -1.013063527904090044e-01 3.701463594550036262e-01 1.923613604530840249e+01 1.460461933128241263e+01 1.161901776123558556e-02
5.764062500000000089e-01 -4.960937500000000416e-02 -1.009647440259775486e-01 3.767858052452943696e-01 1.930925219331697562e+01 1.470749824236464676e+01 1.184403277030507753e-02
5.874218749999999822e-01 -5.484375000000000361e-02 -1.012014709348751929e-01 3.755494104772827413e-01 1.914010977564148774e+01 1.463992068018010784e+01 1.159336735336611787e-02
5.982812499999999867e-01 -6.468749999999999500e-02 -1.022076355117973456e-01 3.730477875167670376e-01 1.917766204848230771e+01 1.455093782197839758e+01 1.194839946321656250e-02
6.041406249999999867e-01 -8.070312500000000056e-02 -1.026086243462120962e-01 3.679510140600861234e-01 1.924489541250231284e+01 1.456156547476208907e+01 1.188903746071758201e-02
6.107031250000000133e-01 -9.812500000000000389e-02 -1.001782838638276552e-01 3.652347230853836280e-01 1.922546378729856187e+01 1.453998544418319483e+01 1.178452195032919127e-02
6.232031249999999689e-01 -1.223437500000000011e-01 -1.018646847906312658e-01 3.643254062341672039e-01 1.925037452972278373e+01 1.455050104030065405e+01 1.179205956194292505e-02
6.319531250000000044e-01 -1.576562499999999978e-01 -1.010671979547184129e-01 3.648324885837439524e-01 1.933160884301495486e+01 1.463831889636538541e+01 1.196322034854695009e-02
6.394531250000000666e-01 -1.937500000000000056e-01 -1.033665799650251849e-01 3.624505274838929481e-01 1.916643949690912763e+01 1.450909193122500263e+01 1.158712708271476127e-02
6.498437500000000533e-01 -2.451562499999999922e-01 -1.018419436827344704e-01 3.637826717562742118e-01 1.925206462197832025e+01 1.456330465218326076e+01 1.160356851448794344e-02
6.576562500000000533e-01 -2.985937499999999911e-01 -1.082047620888260120e-01 3.643989328034891173e-01 1.925296047617592166e+01 1.460950897072391008e+01 1.183900431938150408e-02
6.680468750000000400e-01 -3.578125000000000333e-01 -1.071391626575435296e-01 3.632999192684671641e-01 1.936894165860736905e+01 1.460897501416126509e+01 1.173306929842413832e-02
6.639062500000000311e-01 -3.192187499999999956e-01 -1.090069948945115996e-01 3.668325028936880727e-01 1.919323431667999813e+01 1.458291774422978193e+01 1.177906715219293778e-02
6.558593750000000222e-01 -2.669531250000000133e-01 -1.070199170054686455e-01 3.595126785171265382e-01 1.921755940089728298e+01 1.452917749353825094e+01 1.177263769280684734e-02
6.435156250000000355e-01 -2.190624999999999933e-01 -1.079325036230982526e-01 3.652457715290990947e-01 1.935879184633947503e+01 1.456083566004772223e+01 1.172700080533497710e-02
6.312499999999999778e-01 -1.795312500000000033e-01 -1.090279038309716064e-01 3.691856015049621575e-01 1.923944669490060022e+01 1.454354781645544037e+01 1.179773710302864723e-02
6.149218750000000622e-01 -1.436718750000000044e-01 -1.092976039808069011e-01 3.622073345178611348e-01 1.931547821687551547e+01 1.461384689188312436e+01 1.156818526562030346e-02
6.196875000000000577e-01 -1.153906249999999967e-01 -1.086180412003256990e-01 3.628012553469339707e-01 1.920303962314851276e+01 1.448922926991955862e+01 1.150805994613892866e-02
6.055468750000000400e-01 -9.546875000000000500e-02 -1.086288384138489604e-01 3.665947850519879481e-01 1.919277286598715548e+01 1.452679609970052432e+01 1.156045572995126683e-02
5.997656249999999689e-01 -7.710937500000000777e-02 -1.083681490852139717e-01 3.660519620240165750e-01 1.922463933045681017e+01 1.454701927216432722e+01 1.185370404353535898e-02
5.845312500000000577e-01 -6.406249999999999445e-02 -1.064850791956506448e-01 3.665402344091184261e-01 1.925656382381793463e+01 1.457768149575460548e+01 1.170746657629420477e-02
5.825000000000000178e-01 -5.320312500000000389e-02 -1.078481357230542947e-01 3.648524031649058585e-01 1.923461475256625874e+01 1.464814216002611502e+01 1.193952212288448313e-02
5.788281250000000266e-01 -4.312500000000000361e-02 -1.101719193868255786e-01 3.642584888365218987e-01 1.919017348077702678e+01 1.450672806957081207e+01 1.164649893719671772e-02
5.630468750000000577e-01 -4.164062500000000056e-02 -1.093503980073906590e-01 3.700417818656820401e-01 1.929309796843431002e+01 1.459226607685269883e+01 1.168153009202873259e-02
5.585156249999999600e-01 -3.664062500000000305e-02 -1.081819651166715524e-01 3.677021768786037370e-01 1.924083698684586352e+01 1.464635284377150093e+01 1.184232356041443196e-02
5.550000000000000488e-01 -3.624999999999999750e-02 -1.092347325986731121e-01 3.675667684950978398e-01 1.921478626361216513e+01 1.456401646491435997e+01 1.165107737907631648e-02
5.413281250000000488e-01 -3.468750000000000305e-02 -1.070898075444470798e-01 3.698120901106216607e-01 1.929050611493859435e+01 1.456326527188521247e+01 1.183173072396836480e-02
5.350000000000000311e-01 -3.453124999999999944e-02 -1.078565549722410033e-01 3.651029497909075161e-01 1.924587936969512469e+01 1.455669984878487355e+01 1.168089569844361214e-02
5.274218750000000400e-01 -3.515625000000000000e-02 -1.065290127451490321e-01 3.712728857198310806e-01 1.917941255976397130e+01 1.463726294036991504e+01 1.192520337759861784e-02
5.236718750000000089e-01 -3.343750000000000194e-02 -1.036426170396786972e-01 3.687887372220366444e-01 1.926949343370684176e+01 1.456907455490827275e+01 1.182188114914410615e-02
5.064062500000000577e-01 -3.281250000000000139e-02 -1.063938553863552627e-01 3.724885838074509792e-01 1.934114904431363513e+01 1.457179286348187475e+01 1.186841519999477616e-02
4.971093750000000200e-01 -3.195312499999999889e-02 -1.063357215496218977e-01 3.715716124131906994e-01 1.928343274079768221e+01 1.461170984379898385e+01 1.182103621090188107e-02
4.970312500000000355e-01 -3.203124999999999722e-02 -1.076774835339078251e-01 3.781650464943497880e-01 1.936289216961685256e+01 1.465960607712133168e+01 1.182381506866182069e-02
4.895312500000000289e-01 -3.078124999999999958e-02 -1.051651935973563212e-01 3.729167461831162100e-01 1.936956763248534585e+01 1.467177264282060456e+01 1.173119364743998964e-02
4.742187500000000222e-01 -2.999999999999999889e-02 -1.069822464918379623e-01 3.695750967338096160e-01 1.930836990123282604e+01 1.461513682059907815e+01 1.183604154292391790e-02
4.646093749999999911e-01 -3.007812500000000069e-02 -1.040716887450887640e-01 3.789947594074138948e-01 1.926034280014139455e+01 1.464790891965996167e+01 1.214745957138999716e-02
4.561718750000000044e-01 -2.914062499999999986e-02 -1.060466386587965992e-01 3.785004743422026863e-01 1.932206373028916957e+01 1.469489745024927885e+01 1.177213706317231136e-02
4.556250000000000022e-01 -3.093749999999999972e-02 -1.051590479906661102e-01 3.838919371538684899e-01 1.935516909847613931e+01 1.468058115515340845e+01 1.190991679340007263e-02
4.475781249999999933e-01 -2.953125000000000194e-02 -1.035774716256265826e-01 3.855845528955237356e-01 1.931128084253246513e+01 1.460167751664227076e+01 1.185807350300715005e-02
4.354687500000000155e-01 -3.078124999999999958e-02 -1.056090867019410240e-01 3.850883557006135050e-01 1.931999535663614864e+01 1.468366405257365592e+01 1.193727287709126991e-02
4.296875000000000000e-01 -3.101562500000000153e-02 -1.042719626704546876e-01 3.895338991132479833e-01 1.925794536711781291e+01 1.468683446401295178e+01 1.183483212699841872e-02
4.160937499999999845e-01 -3.054687500000000111e-02 -1.038089422636057080e-01 3.852525510401605402e-01 1.933906637669999640e+01 1.469448408870476719e+01 1.213541036493237871e-02
4.092187500000000200e-01 -3.023437500000000083e-02 -1.048490667945545241e-01 3.882068646593017647e-01 1.933275553328226337e+01 1.465703622592865329e+01 1.212708844447367429e-02
4.027343750000000333e-01 -3.070312500000000125e-02 -1.022596363564498567e-01 3.885512720782413609e-01 1.940195621608269505e+01 1.473506522465695490e+01 1.205900009819132861e-02
3.896875000000000200e-01 -2.992187500000000056e-02 -1.026646548902609979e-01 3.950066149469799726e-01 1.937314903146935308e+01 1.468779582576318710e+01 1.216416863325396093e-02
3.801562500000000289e-01 -3.093749999999999972e-02 -1.015187712353871063e-01 3.993089187237508497e-01 1.938728851569522504e+01 1.473754658517098015e+01 1.200645334227852870e-02
3.667968750000000222e-01 -2.890625000000000139e-02 -1.022008938219576279e-01 4.051666902538109127e-01 1.937719221824906768e+01 1.472047964523364350e+01 1.219310379162903517e-02
3.743750000000000133e-01 -2.929687500000000000e-02 -1.038233401256305477e-01 4.054675182436184855e-01 1.943583013534812665e+01 1.464621696613630952e+01 1.209277893680619359e-02
3.572656250000000311e-01 -3.164062499999999861e-02 -1.052505886482979491e-01 4.039707571849904255e-01 1.936102175584769469e+01 1.476297322977171689e+01 1.219261149619048183e-02
3.440624999999999933e-01 -2.867187499999999944e-02 -1.013958429782468862e-01 3.983170952930992215e-01 1.938359345856611782e+01 1.480308951950621221e+01 1.198861821761228012e-02
3.431250000000000133e-01 -3.007812500000000069e-02 -1.011420129622409014e-01 4.057278432596067574e-01 1.938094417621986665e+01 1.478977071707557300e+01 1.199415035947597706e-02
3.377343750000000311e-01 -2.789062500000000222e-02 -1.011369613691748270e-01 4.102814289276057735e-01 1.932935650782053116e+01 1.479524135294253284e+01 1.208273244800698795e-02
3.324218750000000333e-01 -2.882812499999999958e-02 -9.833014111725324469e-02 4.147140910948809989e-01 1.937803087505022503e+01 1.480247723762832202e+01 1.212740168676787293e-02
3.138281250000000133e-01 -2.968750000000000208e-02 -9.946047224256293617e-02 4.086074830558006354e-01 1.942355864802666332e+01 1.485679472238931353e+01 1.202383634262695587e-02
3.127343750000000089e-01 -3.070312500000000125e-02 -9.967233241108264252e-02 4.170258776514446097e-01 1.940944978020612055e+01 1.485036573624858214e+01 1.214891521188810226e-02
3.057031250000000200e-01 -3.039062500000000097e-02 -1.000455193751137450e-01 4.176489193780552611e-01 1.944206517365928732e+01 1.478701801494011825e+01 1.221603203325504969e-02
2.916406249999999867e-01 -2.929687500000000000e-02 -9.710196327418207929e-02 4.205543481616169643e-01 1.946911139235854549e+01 1.482922229500895561e+01 1.235625239451166625e-02
2.870312500000000155e-01 -2.867187499999999944e-02 -9.798839114021351548e-02 4.224414533116505055e-01 1.930936695799991654e+01 1.476908577597646577e+01 1.192881263363331987e-02
2.809375000000000067e-01 -2.976562500000000042e-02 -9.559552591842379599e-02 4.130483215280644771e-01 1.941209515599071977e+01 1.479944490867684692e+01 1.218636878465905078e-02
2.726562499999999889e-01 -2.999999999999999889e-02 -9.532988241561790588e-02 4.223340591125390731e-01 1.937861495584275318e+01 1.480552358520904654e+01 1.194542775172207152e-02
2.564843749999999867e-01 -2.906250000000000153e-02 -9.731344771907179947e-02 4.210704343293070195e-01 1.941854088352680918e+01 1.483342467571259249e+01 1.206968442668329700e-02
2.532031250000000289e-01 -2.820312499999999903e-02 -9.590504581573622289e-02 4.277878714938232463e-01 1.943834578361124699e+01 1.481985041588663776e+01 1.214046021425516098e-02
2.500000000000000000e-01 -2.929687500000000000e-02 -9.660901115403630612e-02 4.273673012009204797e-01 1.941343516726173135e+01 1.488887720330647113e+01 1.203245348721573502e-02
2.415625000000000133e-01 -2.695312500000000139e-02 -9.769273713742254728e-02 4.319768495013809328e-01 1.935289179965462836e+01 1.485475594597773608e+01 1.210485821173138375e-02
2.286718749999999967e-01 -2.695312500000000139e-02 -9.921747010838144476e-02 4.327399982230195619e-01 1.941482124414031318e+01 1.487207168592198414e+01 1.205484493719985624e-02
2.181250000000000133e-01 -2.632812500000000083e-02 -9.706006830443314470e-02 4.308885697355657740e-01 1.925722732968772277e+01 1.486565105193142422e+01 1.209612270460261318e-02
2.108593750000000155e-01 -2.601562500000000056e-02 -9.962120283082409600e-02 4.312211653065611827e-01 1.937717735539775532e+01 1.488341098923617523e+01 1.207183250787643991e-02
2.096874999999999989e-01 -2.843750000000000097e-02 -9.878801810322412891e-02 4.394755038745756792e-01 1.938911010850592120e+01 1.489235078865878137e+01 1.197391391684441211e-02
1.893750000000000155e-01 -2.539062500000000000e-02 -9.784232492928701674e-02 4.378547308117708425e-01 1.931654694033438346e+01 1.489127191208347689e+01 1.228661158422784776e-02
1.805468749999999956e-01 -2.726562500000000167e-02 -9.942496931140132332e-02 4.425890868406501255e-01 1.934245530097042831e+01 1.486003787184797176e+01 1.217895693560783719e-02
1.849999999999999978e-01 -2.578125000000000208e-02 -9.716547534319719404e-02 4.455523856462528798e-01 1.933706296433534177e+01 1.489709748274620260e+01 1.215248883598861289e-02
1.678125000000000033e-01 -2.578125000000000208e-02 -9.710426331461796678e-02 4.460406100585512235e-01 1.942469383753560663e+01 1.484725921292211481e+01 1.233074313977214516e-02
1.597656249999999944e-01 -2.632812500000000083e-02 -9.761879868759315571e-02 4.484856296193440173e-01 1.933729451406953714e+01 1.495239357917287037e+01 1.203032755933462934e-02
1.512499999999999956e-01 -2.648437500000000097e-02 -9.428982848502798220e-02 4.499549334038288606e-01 1.937145699514411135e+01 1.495757608154398000e+01 1.221331876790479089e-02
1.388281249999999967e-01 -2.531250000000000167e-02 -9.668832763526369334e-02 4.508882128466895622e-01 1.942814755441707675e+01 1.489888785060446708e+01 1.226636496131778935e-02
1.300000000000000044e-01 -2.531250000000000167e-02 -9.535293101220476686e-02 4.571526041758700032e-01 1.946975464783409038e+01 1.494471292577978261e+01 1.228921585650042184e-02
1.312500000000000056e-01 -2.476562499999999944e-02 -9.403412210757799983e-02 4.506668931623547536e-01 1.942848502840734781e+01 1.494884255056823896e+01 1.199286385986409950e-02
1.115625000000000089e-01 -2.468750000000000111e-02 -9.531675259702998559e-02 4.591479873146342428e-01 1.945796577775757541e+01 1.495084044413561841e+01 1.214827741124301433e-02
1.082031249999999972e-01 -2.359375000000000014e-02 -9.586204716343083021e-02 4.631215479148576009e-01 1.939190436307255538e+01 1.489448155085934289e+01 1.215362577733531714e-02
1.033593750000000033e-01 -2.492187499999999958e-02 -9.299307946426527138e-02 4.621823718043760465e-01 1.936913182329083583e+01 1.500012356700605132e+01 1.227657045380880184e-02
8.882812500000000777e-02 -2.523437499999999986e-02 -9.511327405811176305e-02 4.661510993040574036e-01 1.940482534780079504e+01 1.493088801748122485e+01 1.219689834259446437e-02
8.999999999999999667e-02 -2.242187500000000083e-02 -9.673655897823874028e-02 4.698242913615979788e-01 1.941080752139269805e+01 1.495391493742079803e+01 1.233656653160884395e-02
7.906250000000000777e-02 -2.515625000000000153e-02 -9.510024265153571577e-02 4.706932040466460521e-01 1.940591560353009370e+01 1.493256196550302839e+01 1.229418668427175940e-02
7.249999999999999500e-02 -2.375000000000000028e-02 -9.396894508518771616e-02 4.713960808448325324e-01 1.939272337657441270e+01 1.501805302741136039e+01 1.222683738018915008e-02
6.710937499999999889e-02 -2.515625000000000153e-02 -9.238045909325531824e-02 4.748850891219014159e-01 1.938868422334876840e+01 1.504519755027241246e+01 1.226145071321596558e-02
5.109375000000000028e-02 -2.375000000000000028e-02 -9.432843114116629124e-02 4.759037634676888118e-01 1.936315545381546244e+01 1.494282386486145420e+01 1.235189701087205036e-02
4.359375000000000056e-02 -2.359375000000000014e-02 -9.121707498611630882e-02 4.735892002766917130e-01 1.941515485982287714e+01 1.499235709743559042e+01 1.216924240282957898e-02
3.843749999999999944e-02 -2.421875000000000069e-02 -8.889082081217081210e-02 4.817741327975078036e-01 1.940118656675589293e+01 1.496157744722092531e+01 1.220937913086047807e-02
2.945312500000000014e-02 -2.414062499999999889e-02 -9.249743482759864577e-02 4.861522733652590134e-01 1.931647099677864077e+01 1.495864712976645450e+01 1.209588371967130170e-02
2.093750000000000125e-02 -2.218749999999999889e-02 -9.281318182888798063e-02 4.833591595791775219e-01 1.937425714033571467e+01 1.500043689233209676e+01 1.215112359931031123e-02
1.218750000000000042e-02 -2.367187500000000194e-02 -9.059361430496792877e-02 4.942539193013351095e-01 1.933946882815520851e+01 1.497445592456411134e+01 1.188855903572551796e-02
-1.250000000000000026e-03 -2.367187500000000194e-02 -9.192236412155496694e-02 4.954218121533848773e-01 1.926549240250240302e+01 1.504469503894212856e+01 1.205747777601498712e-02
-2.656250000000000191e-03 -2.257812500000000097e-02 -8.935180811380227794e-02 4.996689765185857723e-01 1.936330155936023445e+01 1.497116491432549701e+01 1.196221197258497300e-02
-7.109375000000000243e-03 -2.210937500000000056e-02 -8.714578234759740027e-02 5.029923728926632975e-01 1.931927839657340940e+01 1.504463767150576992e+01 1.205528182448621990e-02
-1.757812500000000000e-02 -2.304687500000000139e-02 -8.999682229899885755e-02 5.055145752784095947e-01 1.929310375111259290e+01 1.513683994034358804e+01 1.214228540734052682e-02
-2.351562500000000180e-02 -2.281249999999999944e-02 -8.755730407103978763e-02 5.038152137391671559e-01 1.934865262874322411e+01 1.508638635257307925e+01 1.204949037675136225e-02
-1.468750000000000090e-02 -2.195312500000000042e-02 -8.738510692738454821e-02 5.064399307313172116e-01 1.938003851292794621e+01 1.512210834583195584e+01 1.178492964177723853e-02
-4.062500000000000139e-03 -2.437500000000000083e-02 -8.770540162587048272e-02 5.115248292683727271e-01 1.942272330105812728e+01 1.507150286587638632e+01 1.233737715691480760e-02
1.015625000000000035e-03 -2.398437500000000222e-02 -8.729475979812884034e-02 5.099194258303185734e-01 1.933381823131588106e+01 1.512812295477599633e+01 1.193659697108625725e-02
1.640625000000000069e-02 -2.656249999999999931e-02 -8.692551295194084204e-02 5.052985526777797887e-01 1.938029713341559557e+01 1.500119299969187381e+01 1.188451562900594803e-02
2.109375000000000139e-02 -2.539062500000000000e-02 -8.512308230922416286e-02 5.083181655737067928e-01 1.936377447184683476e+01 1.509808468320945352e+01 1.181434717394531930e-02
2.570312500000000028e-02 -2.531250000000000167e-02 -8.521813494731800276e-02 5.121326739920384341e-01 1.932700242618768272e+01 1.505953233313198503e+01 1.185874868729234512e-02
4.210937499999999750e-02 -2.710937500000000153e-02 -8.351626874164574943e-02 5.061802922088798340e-01 1.935199412946420949e+01 1.504952426376542540e+01 1.207315265327871430e-02
4.960937500000000416e-02 -2.554687500000000014e-02 -8.454246478126759001e-02 5.058930553447194001e-01 1.941874637471168796e+01 1.502320003522663328e+01 1.219733192454765074e-02
6.078125000000000194e-02 -2.687499999999999958e-02 -8.600355499582823526e-02 5.003596338453819570e-01 1.937680427312559317e+01 1.501815872625176063e+01 1.202245028332555449e-02
6.851562499999999667e-02 -2.562500000000000194e-02 -8.647422031230478368e-02 5.007103295324499825e-01 1.936177492139962908e+01 1.502190002175448846e+01 1.209774732867371395e-02
6.687500000000000389e-02 -2.624999999999999903e-02 -8.707099077348567917e-02 5.046946178749678324e-01 1.939622116406010477e+01 1.512333475114746228e+01 1.200720273173935988e-02
8.070312500000000056e-02 -2.828125000000000083e-02 -8.861206627386319923e-02 5.001637513836643123e-01 1.945546933863894878e+01 1.510154599895692584e+01 1.213993614525395170e-02
9.437500000000000056e-02 -2.828125000000000083e-02 -8.667834640425642334e-02 5.011677728623986638e-01 1.939342743623513599e+01 1.499821824761633593e+01 1.224276546907493608e-02
1.001562500000000022e-01 -2.843750000000000097e-02 -8.660544795174862642e-02 4.963375794858837509e-01 1.933641165003720630e+01 1.502954616616699823e+01 1.199557254044378296e-02
1.089062499999999961e-01 -2.812500000000000069e-02 -8.854062099231674310e-02 4.928378515886677746e-01 1.944601447783654180e+01 1.510372272576113062e+01 1.193488376669712796e-02
1.112500000000000017e-01 -2.867187499999999944e-02 -8.680171318578011608e-02 4.884395606557401237e-01 1.938184072604469321e+01 1.505341476919480037e+01 1.216764498200054341e-02
1.174218750000000089e-01 -2.921875000000000167e-02 -8.788561845821662999e-02 4.883371861872598529e-01 1.941975981778530169e+01 1.514371926189461526e+01 1.191414751961616426e-02
1.344531250000000067e-01 -3.023437500000000083e-02 -8.713136242300967282e-02 4.982973604041873728e-01 1.942167372156017180e+01 1.499992349099335520e+01 1.209136382681203284e-02
1.381249999999999978e-01 -3.085937500000000139e-02 -8.533159919423827233e-02 4.880852594911333497e-01 1.946861807951611567e+01 1.502771960726345135e+01 1.213195306978852132e-02
1.446093750000000122e-01 -3.007812500000000069e-02 -8.624995439997507063e-02 4.908381705336362089e-01 1.941734018494957681e+01 1.503135060762545194e+01 1.196618540342816658e-02
1.642968750000000089e-01 -3.046874999999999931e-02 -8.743309462013737487e-02 4.900319497888272480e-01 1.939299179539683848e+01 1.504412387817342278e+01 1.198855126246608019e-02
1.626562500000000022e-01 -3.070312500000000125e-02 -8.654185024137284188e-02 4.815870204488037487e-01 1.946243144118539092e+01 1.496826441592694934e+01 1.195097481594409664e-02
1.784374999999999989e-01 -3.093749999999999972e-02 -8.779789017936412421e-02 4.861058718930388878e-01 1.930891722085278772e+01 1.506062249325271374e+01 1.206992580756328926e-02
1.746093750000000111e-01 -3.187500000000000056e-02 -8.385595484908803243e-02 4.877179264141773274e-01 1.944292522146563940e+01 1.498819478501692792e+01 1.197605748337839462e-02
1.885937500000000044e-01 -3.187500000000000056e-02 -8.637780456915988836e-02 4.775169115172284151e-01 1.932157994803225165e+01 1.491195744799902734e+01 1.185817998521057973e-02
1.973437500000000122e-01 -3.250000000000000111e-02 -8.572349737603346398e-02 4.826620274748893991e-01 1.945796286818452714e+01 1.496738895299523087e+01 1.211922315073174147e-02
2.104687500000000100e-01 -3.234374999999999750e-02 -8.572368321627665821e-02 4.837992208088781609e-01 1.937095199341109719e+01 1.505122552133594915e+01 1.191670582635643433e-02
2.156250000000000111e-01 -3.148437500000000194e-02 -8.562849627429258703e-02 4.787840510432461727e-01 1.945823916443386281e+01 1.501949542058624054e+01 1.209412595780367736e-02
2.244531250000000033e-01 -3.132812499999999833e-02 -8.628691897725193627e-02 4.770274593382417549e-01 1.945369243577903262e+01 1.494070202409251102e+01 1.198638979756377898e-02
2.250000000000000056e-01 -3.187500000000000056e-02 -8.483048529029924012e-02 4.749401884118542583e-01 1.953914701806449017e+01 1.503726800328560564e+01 1.219725185807191484e-02
2.378906249999999944e-01 -3.304687500000000333e-02 -8.217579174909506179e-02 4.716605042658805758e-01 1.948795399237472736e+01 1.498712475178394143e+01 1.225617238503053617e-02
2.450781250000000078e-01 -3.203124999999999722e-02 -8.576735136258673009e-02 4.725190477493201868e-01 1.955140323024657079e+01 1.495017481163587547e+01 1.232219168429297788e-02
2.551562500000000289e-01 -3.414062500000000083e-02 -8.461583183206888847e-02 4.687336390555962851e-01 1.949224674055634665e+01 1.491098113616057930e+01 1.228469084498000526e-02
2.692968749999999911e-01 -3.304687500000000333e-02 -8.511061191261992676e-02 4.669114046987887789e-01 1.949961347939576939e+01 1.498291703069604353e+01 1.232377999415746293e-02
2.690624999999999822e-01 -3.140625000000000361e-02 -8.468773322688472049e-02 4.637038921746938769e-01 1.942627433769597545e+01 1.489394573830715096e+01 1.236415121361002754e-02
2.779687499999999867e-01 -3.343750000000000194e-02 -8.611305300803007157e-02 4.616200091610345169e-01 1.948354478259276590e+01 1.504953199611542303e+01 1.219579259694746932e-02
2.902343749999999889e-01 -3.539062500000000194e-02 -8.607661125746846054e-02 4.626905824776095244e-01 1.949698650322118354e+01 1.493917878846434455e+01 1.214436828798383730e-02
2.953125000000000333e-01 -3.375000000000000222e-02 -8.510529612918427134e-02 4.596200189561416849e-01 1.953301755118631178e+01 1.499684781215124296e+01 1.228995163949234658e-02
3.100781249999999822e-01 -3.468750000000000305e-02 -8.643923219059379548e-02 4.590577169281129244e-01 1.946896854441344615e+01 1.490872451350680983e+01 1.219512168756486069e-02
3.143750000000000155e-01 -3.414062500000000083e-02 -8.763460205809536774e-02 4.616730416449499330e-01 1.951703970152824752e+01 1.495373096357604048e+01 1.208014476993751057e-02
3.182812500000000155e-01 -3.437500000000000278e-02 -8.790972073369207607e-02 4.567273080452904921e-01 1.942462506457808757e+01 1.489493313329573887e+01 1.217052876998285516e-02
3.274218750000000289e-01 -3.539062500000000194e-02 -8.640011878876530105e-02 4.502710244584484656e-01 1.953248781950825830e+01 1.498306967863697103e+01 1.233085140930623852e-02
3.324218750000000333e-01 -3.570312500000000222e-02 -8.732140946889899169e-02 4.519048148529991593e-01 1.934454996644847213e+01 1.486828382136414461e+01 1.201542085841015781e-02
3.520312500000000178e-01 -3.421874999999999917e-02 -8.480519947392517466e-02 4.516286495380494870e-01 1.947164902445113910e+01 1.492276265630454724e+01 1.203448884136590694e-02
3.457031250000000000e-01 -3.624999999999999750e-02 -8.742077714373186481e-02 4.473155117717952933e-01 1.948640666012628841e+01 1.494137359471514692e+01 1.210625836163858882e-02
3.636718750000000333e-01 -3.640625000000000111e-02 -8.582028982633271852e-02 4.487948752546211395e-01 1.944752813437471772e+01 1.492314497777635296e+01 1.210027350596495042e-02
3.771093750000000244e-01 -3.796875000000000250e-02 -8.599748216332470108e-02 4.443373815413487193e-01 1.943970202683389914e+01 1.495554996447301832e+01 1.209749965385329730e-02
3.783593749999999978e-01 -3.632812500000000278e-02 -8.543016045188256413e-02 4.392190381843574798e-01 1.934985377190705336e+01 1.490223162871581053e+01 1.219145541916177508e-02
3.890625000000000333e-01 -3.398437500000000416e-02 -8.702104881641581358e-02 4.421650775222163432e-01 1.950051856351987922e+01 1.495970985285467947e+01 1.218399375606591360e-02
3.955468750000000200e-01 -3.749999999999999861e-02 -8.877510137789146327e-02 4.445550182308855014e-01 1.940882359924792766e+01 1.495451498445961924e+01 1.245839389392533816e-02
4.100781250000000155e-01 -3.656249999999999778e-02 -8.579567840236723697e-02 4.372546687487766093e-01 1.931518956746566573e+01 1.482992857809898979e+01 1.214908188511039031e-02
4.126562500000000022e-01 -3.601562500000000250e-02 -8.821994387021581119e-02 4.326866850010935295e-01 1.939928017942613536e+01 1.484485030970336261e+01 1.225683922536861641e-02
4.265625000000000111e-01 -3.984375000000000416e-02 -8.886939904820811975e-02 4.344365278210249315e-01 1.942631032756790788e+01 1.485824138549915219e+01 1.225282380981317087e-02
4.276562500000000155e-01 -3.671875000000000139e-02 -8.792525629699454726e-02 4.274338379991249326e-01 1.942596175382886514e+01 1.486769684672176695e+01 1.215076987506323071e-02
4.332812500000000067e-01 -3.929687500000000194e-02 -8.777074950709895518e-02 4.225047103455059627e-01 1.932881931364981654e+01 1.485174817303593287e+01 1.210119909833401453e-02
4.461718749999999956e-01 -3.843749999999999944e-02 -9.111053051580331186e-02 4.274843651045356907e-01 1.944758171091185872e+01 1.485016255190794787e+01 1.217616561287961433e-02
4.520312499999999956e-01 -3.757812500000000389e-02 -8.899320923335674038e-02 4.262278362768601170e-01 1.935402689490706862e+01 1.481641543687585028e+01 1.185620129650542982e-02
4.678906250000000044e-01 -4.046874999999999778e-02 -9.233907270326247030e-02 4.182987135714633098e-01 1.946689329091748633e+01 1.482678786666892634e+01 1.218407205808767074e-02
4.746874999999999845e-01 -3.953125000000000389e-02 -8.907354226652675067e-02 4.191692660715062857e-01 1.939673980384777607e+01 1.473021143871677197e+01 1.211070379348194032e-02
4.809375000000000178e-01 -3.718749999999999833e-02 -8.852213758675508970e-02 4.070442422974052121e-01 1.947621940300714627e+01 1.480973862366857219e+01 1.223347121288192486e-02
4.863281250000000000e-01 -4.078124999999999806e-02 -8.870087503083379232e-02 4.067852594610954498e-01 1.945078970354086678e+01 1.477354428619023707e+01 1.206327728904558159e-02
4.984375000000000333e-01 -3.820312499999999750e-02 -9.159089072022785771e-02 4.017367488640344320e-01 1.936990897069760820e+01 1.480406883883630620e+01 1.220401803882254811e-02
5.008593749999999956e-01 -4.093750000000000167e-02 -9.306869047442933862e-02 4.013993480790123414e-01 1.940263728206111082e+01 1.476140829402352850e+01 1.195733501846286961e-02
5.064062500000000577e-01 -3.953125000000000389e-02 -9.278681408375621942e-02 4.000881563068547919e-01 1.937526427781229543e+01 1.464352483208344857e+01 1.216440047740736594e-02
5.142187500000000577e-01 -4.085937500000000333e-02 -9.256543084292800927e-02 3.936763730642445225e-01 1.936148983539684920e+01 1.467917495330396704e+01 1.187935671836734541e-02
5.311718749999999600e-01 -4.109374999999999833e-02 -9.426244667165573077e-02 3.875324109208655443e-01 1.933655925368445949e+01 1.465881122977334350e+01 1.200139058882645007e-02
5.424999999999999822e-01 -4.148437500000000389e-02 -9.622790293668526118e-02 3.891120885082255398e-01 1.923501024200987786e+01 1.469867151395011362e+01 1.188468416791342228e-02
5.425781250000000222e-01 -4.156250000000000222e-02 -9.555063324968582350e-02 3.855104636990125400e-01 1.929673276542407478e+01 1.464284575054977644e+01 1.184871649107958023e-02
5.661718749999999911e-01 -4.234374999999999944e-02 -9.741703918729749390e-02 3.869271063605239647e-01 1.936225545008096560e+01 1.464303084468819804e+01 1.186484017516975173e-02
5.498437499999999645e-01 -4.265624999999999972e-02 -9.777743715857489804e-02 3.851023850145463001e-01 1.921887819213056048e+01 1.462264512366022018e+01 1.176553672947358922e-02
5.696875000000000133e-01 -4.304687499999999833e-02 -9.805184558477897383e-02 3.758176828833503791e-01 1.928098390797472561e+01 1.453387332275493193e+01 1.183174976384391251e-02
5.727343750000000178e-01 -4.882812500000000000e-02 -9.878459023123786764e-02 3.749796243755154634e-01 1.929049172086651964e+01 1.459461415713906618e+01 1.196993404505041804e-02
5.842968750000000488e-01 -5.351562500000000416e-02 -1.017293843374234008e-01 3.830508944909549740e-01 1.929862577449653926e+01 1.460793043279279679e+01 1.171635037349257405e-02
5.955468750000000311e-01 -5.984375000000000111e-02 -1.011125228703169121e-01 3.754784408924738415e-01 1.933795249299538099e+01 1.459457230929500682e+01 1.210547100658139301e-02
6.018750000000000488e-01 -7.164062499999999944e-02 -9.951037156785691451e-02 3.712820225816759745e-01 1.928785665441389341e+01 1.459953363197560883e+01 1.176533465162148823e-02
6.154687500000000089e-01 -8.687500000000000777e-02 -9.914590181765436938e-02 3.708639820484638250e-01 1.922611837187620765e+01 1.468756607560673366e+01 1.193871446151473399e-02
6.209375000000000311e-01 -1.104687500000000044e-01 -9.965984631968849428e-02 3.705083210723270071e-01 1.919533184774551060e+01 1.459603842283741315e+01 1.169978572931748562e-02
6.267968750000000311e-01 -1.413281249999999989e-01 -1.032701491220477941e-01 3.674551684627491710e-01 1.924775408438665991e+01 1.459855354631288549e+01 1.163792807936439924e-02
6.339843750000000444e-01 -1.774999999999999911e-01 -9.850210727073704930e-02 3.665133710458068350e-01 1.918034221205832779e+01 1.462160452631929708e+01 1.191374646889736648e-02
6.463281250000000311e-01 -2.197656249999999922e-01 -1.008894658342862627e-01 3.671363478789269053e-01 1.914403362853866852e+01 1.458560623710095960e+01 1.183064598587882203e-02
6.535937499999999734e-01 -2.754687499999999845e-01 -9.865427922537417516e-02 3.603443451938526110e-01 1.921811746364596729e+01 1.458852818095422954e+01 1.170452053911457714e-02
6.642968750000000089e-01 -3.307812500000000266e-01 -1.035866144771357966e-01 3.676548076512853314e-01 1.926887512498318955e+01 1.457948511220916288e+01 1.153900667323808776e-02
6.675781250000000222e-01 -3.281250000000000000e-01 -1.003155399363242495e-01 3.637276575522374600e-01 1.919388132360841936e+01 1.461691054193108208e+01 1.187708792635748349e-02
6.477343749999999734e-01 -2.793749999999999845e-01 -1.039888350151008112e-01 3.581323473760500420e-01 1.933484561269366608e+01 1.458683456555137958e+01 1.178519795151825034e-02
6.459375000000000533e-01 -2.300000000000000100e-01 -1.043380813890326664e-01 3.737433106476117928e-01 1.929444443274165621e+01 1.452161309682527168e+01 1.179524251156087271e-02
6.336718749999999956e-01 -1.882031249999999989e-01 -1.044676189312032655e-01 3.623988224133123381e-01 1.922532595954804435e+01 1.456020873722630071e+01 1.185621061367311824e-02
6.275000000000000577e-01 -1.539843750000000067e-01 -1.036621862581910136e-01 3.636420253755989762e-01 1.932749857625594458e+01 1.455352063700400400e+01 1.178314904347650682e-02
6.172656250000000400e-01 -1.221875000000000044e-01 -1.059779378856151588e-01 3.687395271268378849e-01 1.923638317872029546e+01 1.451415123939745477e+01 1.170122288986186025e-02
6.169531249999999911e-01 -9.757812500000000167e-02 -1.055264940191480427e-01 3.655718531837548468e-01 1.917668880195493841e+01 1.463414815277282521e+01 1.176020975573372276e-02
6.004687499999999956e-01 -7.929687500000000278e-02 -1.082105745483619152e-01 3.666860910298774812e-01 1.926507001375099648e+01 1.463336555053377275e+01 1.186849005534904369e-02
5.938281250000000400e-01 -6.546875000000000611e-02 -1.078086224973073826e-01 3.636320033522544293e-01 1.924588827510851985e+01 1.453257357610710265e+01 1.169984521246424276e-02
5.849218750000000355e-01 -5.500000000000000028e-02 -1.073324474291870168e-01 3.661371491997744698e-01 1.921323077563636517e+01 1.459040113710541853e+01 1.173772935875436532e-02
5.785937500000000178e-01 -4.710937500000000194e-02 -1.073026431787749146e-01 3.686157067984474622e-01 1.925361909922190051e+01 1.455283438262099693e+01 1.194761024261021404e-02
5.664843750000000400e-01 -4.304687499999999833e-02 -1.072985935001935509e-01 3.639584459145250861e-01 1.931515792799885745e+01 1.463537861235601589e+01 1.172509534233378246e-02
5.546875000000000000e-01 -4.015624999999999750e-02 -1.063923904076169435e-01 3.723628433913050984e-01 1.937786109598674855e+01 1.459441251913842663e+01 1.179860005167723304e-02
5.538281250000000044e-01 -3.687499999999999806e-02 -1.065851120167105037e-01 3.702788390515410200e-01 1.922684802923503966e+01 1.459745278658975565e+01 1.182835265015535001e-02
5.450000000000000400e-01 -3.554687499999999861e-02 -1.028270407037457090e-01 3.654144147487770056e-01 1.925371042826398238e+01 1.461826880705010367e+01 1.180300108562538919e-02
5.429687500000000000e-01 -3.406250000000000250e-02 -1.030712342987905039e-01 3.692498100270391603e-01 1.937876065279322901e+01 1.455951758411996089e+01 1.196846154916601790e-02
5.265625000000000444e-01 -3.320312500000000000e-02 -1.070321488446435154e-01 3.637491765529965448e-01 1.922844593312355954e+01 1.461121043290116184e+01 1.185662477254402318e-02
5.161718750000000577e-01 -3.382812500000000056e-02 -1.034886189452355332e-01 3.739746374481045521e-01 1.935674885199776440e+01 1.461650927876997308e+01 1.177483536464771045e-02
5.107031250000000355e-01 -3.468750000000000305e-02 -1.042754893083142065e-01 3.741843643044084899e-01 1.923154854277371584e+01 1.465758599691183761e+01 1.193800804217811685e-02
5.021093749999999689e-01 -3.210937500000000250e-02 -1.077930483308953136e-01 3.760602012472302746e-01 1.921681008780918631e+01 1.461308398344803727e+01 1.180581877735822557e-02
4.965625000000000178e-01 -3.218750000000000083e-02 -1.065937348688650310e-01 3.739156731387360821e-01 1.925931996628283116e+01 1.471652735252612665e+01 1.183155197779403069e-02
4.836718750000000289e-01 -3.375000000000000222e-02 -1.033748423357239155e-01 3.759039707552425114e-01 1.931715643761606671e+01 1.461379976394249169e+01 1.195581263358302428e-02
4.810937499999999867e-01 -3.109374999999999986e-02 -1.042952502450456009e-01 3.805861740775240420e-01 1.935599507861552127e+01 1.468386903852647585e+01 1.219928871031475230e-02
4.678906250000000044e-01 -3.132812499999999833e-02 -1.055478501937989755e-01 3.776623773921183869e-01 1.931994542673797000e+01 1.464072130493735635e+01 1.198600796446268671e-02
4.650781250000000089e-01 -2.999999999999999889e-02 -1.053644968293077078e-01 3.805387860921882748e-01 1.924858166676424887e+01 1.468851361077134854e+01 1.192008787306400586e-02
4.544531250000000133e-01 -3.109374999999999986e-02 -1.056580430041531571e-01 3.765972873504663809e-01 1.933249744341202003e+01 1.470228788628139682e+01 1.232286694139442251e-02
4.432031250000000311e-01 -3.164062499999999861e-02 -1.034095973252657785e-01 3.866545371761453964e-01 1.935249046482768520e+01 1.475924880978732645e+01 1.195964938046776074e-02
4.367968750000000289e-01 -3.117187500000000167e-02 -1.017501732273662363e-01 3.855269663420868298e-01 1.922583769260672071e+01 1.466382562217605923e+01 1.211729821443361874e-02
4.235156250000000067e-01 -3.125000000000000000e-02 -1.038234715433183908e-01 3.854422493817288853e-01 1.937960930104964064e+01 1.475382748099339913e+01 1.203985043264461409e-02
4.267968750000000200e-01 -3.140625000000000361e-02 -1.007974406911471554e-01 3.895366156567936500e-01 1.928161589213987881e+01 1.467387004948449558e+01 1.198342870705655303e-02
4.155468749999999822e-01 -3.117187500000000167e-02 -1.011972470271294000e-01 3.895813453541840943e-01 1.943946902560013967e+01 1.474852576017552330e+01 1.193320763787782644e-02
3.996093749999999889e-01 -3.195312499999999889e-02 -1.020900153325010606e-01 3.902937998683020382e-01 1.940703966706664474e+01 1.471588948088601612e+01 1.204598041075229976e-02
3.951562499999999867e-01 -3.226562499999999917e-02 -1.005863397229522782e-01 3.949826264296074640e-01 1.934607015864248325e+01 1.474152205423306583e+01 1.198262812308862300e-02
3.819531250000000044e-01 -3.140625000000000361e-02 -9.904173769634816438e-02 3.973581034410811341e-01 1.934656778377183528e+01 1.464383855663093925e+01 1.199299585723837512e-02
3.802343750000000133e-01 -3.109374999999999986e-02 -1.003604804149516028e-01 3.963598357974218445e-01 1.929116067452688199e+01 1.469424666869033302e+01 1.217793115573468678e-02
3.769531250000000000e-01 -3.078124999999999958e-02 -9.895729107498585364e-02 4.002919674279015183e-01 1.935615212058177548e+01 1.469014594273628305e+01 1.225258863845435885e-02
3.678124999999999867e-01 -3.093749999999999972e-02 -9.945066317726958260e-02 4.030799793869777048e-01 1.942691701793303949e+01 1.477468145198656302e+01 1.196430490149612107e-02
3.585937499999999889e-01 -3.046874999999999931e-02 -9.710634837875042891e-02 4.000531126110651314e-01 1.940132387512594647e+01 1.477856243478347587e+01 1.215919060311156444e-02
3.439062500000000244e-01 -2.867187499999999944e-02 -9.688713019044836727e-02 4.113787687966219409e-01 1.937958105736104031e+01 1.473735746322585527e+01 1.201461521346161576e-02
3.371093749999999889e-01 -3.101562500000000153e-02 -9.935477772510248329e-02 4.116257031138159661e-01 1.936978478669960779e+01 1.478175461379565370e+01 1.191550995206342584e-02
3.346875000000000266e-01 -2.968750000000000208e-02 -1.014513918300319339e-01 4.061123301461577739e-01 1.933946320017798470e+01 1.472298301044519420e+01 1.219933079681400669e-02
3.214843749999999889e-01 -2.851562499999999931e-02 -9.611447222480640207e-02 4.101509175508111227e-01 1.935853492348567428e+01 1.471585445369011502e+01 1.215332635699341995e-02
3.099218750000000133e-01 -3.007812500000000069e-02 -1.149011306496583451e-01 3.753051412714425439e-01 1.916961253147383815e+01 1.466341942198572035e+01 1.001914741788404763e-02
3.019531249999999889e-01 -2.820312499999999903e-02 -1.737263377730835501e-01 3.479729388908392451e-01 1.872276463676509906e+01 1.453745381203765774e+01 6.209815286924292091e-03
2.918749999999999956e-01 -2.523437499999999986e-02 -1.747088494234994016e-01 3.428383241877774879e-01 1.865115497299326464e+01 1.465890371518700697e+01 5.893069042968620760e-03
2.912500000000000089e-01 -2.507812499999999972e-02 -1.623674685960807551e-01 3.468449062162815011e-01 1.892626217278550627e+01 1.458613247835943483e+01 6.138380752204066100e-03
2.771875000000000311e-01 -2.882812499999999958e-02 -1.070811365458279596e-01 3.696000057551440676e-01 1.924924645566267500e+01 1.457560782710575964e+01 5.460631014335046683e-03
2.708593750000000133e-01 -2.445312499999999917e-02 -5.981221819529869421e-02 4.211188111151065172e-01 1.902979644711715679e+01 1.476445399632289224e+01 2.616760613777842446e-03
2.542968749999999778e-01 -2.375000000000000028e-02 -3.472019945126580964e-02 4.477851762588747064e-01 1.831295709643068292e+01 1.347548568937641278e+01 8.661594622252348930e-04
2.496875000000000067e-01 -2.437500000000000083e-02 2.128642777941003317e-02 3.703042676113099674e-01 1.779074531383717073e+01 1.520788988245071494e+01 5.713681043459836175e-04
2.506249999999999867e-01 -2.500000000000000139e-02 3.521179975001231810e-02 3.246680138901281154e-01 1.645201036671316075e+01 1.094411768914409677e+01 4.407378169019065986e-04
2.410156250000000111e-01 -2.257812500000000097e-02 -3.731722741695531198e-03 5.594789972220404195e-01 1.756172734147836678e+01 1.417550438799594481e+01 3.062381969552860285e-04
2.300000000000000100e-01 -2.476562499999999944e-02 -1.789587345520926576e-02 3.291055920983998462e-01 1.868600183243059121e+01 1.617192277386617860e+01 7.159009024804258940e-04
2.133593750000000178e-01 -2.578125000000000208e-02 -4.535200698000396713e-02 4.784666898989931028e-01 1.842845611629520164e+01 1.516145002871755665e+01 1.045755700379482050e-03
2.107031249999999911e-01 -2.484375000000000125e-02 -4.936133592314817520e-02 4.255936500050960802e-01 1.884280667800888764e+01 1.459565158307208499e+01 2.157436515054968282e-03
2.021093750000000078e-01 -2.726562500000000167e-02 -6.940667500330288675e-02 4.509554127170689597e-01 1.931486816665006145e+01 1.474756661217341325e+01 3.911574115799947016e-03
1.958593750000000022e-01 -2.554687500000000014e-02 -6.649224994422775481e-02 4.418953847110440591e-01 1.922082220113903261e+01 1.486768956458618263e+01 5.977929012927902554e-03
1.946875000000000133e-01 -2.687499999999999958e-02 -6.757071692132798901e-02 4.470144260533492897e-01 1.934563259441229022e+01 1.487416361376366325e+01 7.994020079639624007e-03
1.831250000000000100e-01 -2.742187500000000180e-02 -6.982071950064616672e-02 4.426423228466758175e-01 1.930657399525741269e+01 1.490070393672993454e+01 9.897460990897269037e-03
1.723437499999999900e-01 -2.695312500000000139e-02 -7.554963369520439898e-02 4.502215311696478039e-01 1.937254324639341974e+01 1.503023804980535161e+01 1.066683458915658120e-02
1.673437500000000133e-01 -2.632812500000000083e-02 -8.003535528244842823e-02 4.525844195503170297e-01 1.947593441815355320e+01 1.498670368834597433e+01 1.126664813416795516e-02
1.542968750000000000e-01 -2.609374999999999889e-02 -8.371809282977649147e-02 4.568924136352681131e-01 1.943531629783343462e+01 1.494455002270398936e+01 1.154873852814220468e-02
1.443750000000000033e-01 -2.507812499999999972e-02 -8.548490281579113059e-02 4.602799506265853324e-01 1.945793548309947596e+01 1.494368961361013959e+01 1.187480430448418708e-02
1.352343749999999900e-01 -2.562500000000000194e-02 -8.688894615402897870e-02 4.613137691508617522e-01 1.941561704165236790e+01 1.496997466898119988e+01 1.176104316653314892e-02
1.294531250000000022e-01 -2.523437499999999986e-02 -8.815371265556981584e-02 4.581396179621721743e-01 1.945775127354002265e+01 1.490943919807595641e+01 1.206439861915510614e-02
1.206249999999999961e-01 -2.492187499999999958e-02 -8.867413387261269264e-02 4.653634854000054943e-01 1.937108734043090763e+01 1.496544244374223531e+01 1.194196712591230093e-02
1.242187500000000028e-01 -2.437500000000000083e-02 -8.857054955551113551e-02 4.645360380537866263e-01 1.941518639935793189e+01 1.499816090326149798e+01 1.219388350051875229e-02
1.008593750000000011e-01 -2.406250000000000056e-02 -8.817547273645143235e-02 4.679622701704078125e-01 1.936602850572702650e+01 1.488067164999012171e+01 1.205957133416005363e-02
9.062499999999999722e-02 -2.554687500000000014e-02 -8.824746158097029891e-02 4.757972559420675651e-01 1.936394529166192413e+01 1.499827123621321867e+01 1.219841575401032878e-02
8.757812500000000666e-02 -2.539062500000000000e-02 -8.888516887658459709e-02 4.716226481623397859e-01 1.951847896616110845e+01 1.498158894546897102e+01 1.200596827866873273e-02
7.812500000000000000e-02 -2.460937499999999931e-02 -8.769278590726736766e-02 4.796726008839513611e-01 1.944478778728343116e+01 1.493915859957602343e+01 1.196060909594410908e-02
7.374999999999999611e-02 -2.476562499999999944e-02 -8.654332359404603991e-02 4.726356339690207520e-01 1.945654535447784639e+01 1.495113899134106639e+01 1.192388382011998899e-02
5.921875000000000056e-02 -2.484375000000000125e-02 -8.709595354978727499e-02 4.801708472674359740e-01 1.934583845060301499e+01 1.503869258850466473e+01 1.191966720703839522e-02
5.203125000000000111e-02 -2.375000000000000028e-02 -8.810824441018993980e-02 4.822268263340534489e-01 1.933887742841207213e+01 1.493999773371887585e+01 1.198485509144694289e-02
4.562499999999999889e-02 -2.359375000000000014e-02 -8.230437575124094352e-02 4.833580338725385062e-01 1.933304043792909255e+01 1.502789067194283312e+01 1.195009871262372667e-02
4.492187500000000000e-02 -2.398437500000000222e-02 -8.669213518541774022e-02 4.887862362533246241e-01 1.942501372869793030e+01 1.502327894939394248e+01 1.184844538164841338e-02
3.390624999999999889e-02 -2.304687500000000139e-02 -8.545498373441207107e-02 4.936510118047188200e-01 1.932761163856057252e+01 1.501236704935884347e+01 1.186076358602929093e-02
2.156250000000000180e-02 -2.437500000000000083e-02 -8.399469757639499434e-02 4.988243863054631078e-01 1.937590455984447502e+01 1.502206410406861714e+01 1.179647699843594348e-02
1.039062500000000056e-02 -2.351562500000000180e-02 -8.430756857817911509e-02 5.005599190918363917e-01 1.936151243116675147e+01 1.506984928415105607e+01 1.173783537775289001e-02
2.968750000000000035e-03 -2.296874999999999958e-02 -8.380119740579727861e-02 5.017824197550702081e-01 1.943625018818202221e+01 1.507298789673270889e+01 1.178818701098702758e-02
-7.499999999999999722e-03 -2.132812499999999986e-02 -8.190560960463777462e-02 5.049943237456000489e-01 1.937854032856320785e+01 1.506896081355494310e+01 1.195653306035684461e-02
-1.000000000000000021e-02 -2.257812500000000097e-02 -8.201245977287330291e-02 5.028406647824779085e-01 1.934904394897163371e+01 1.510377268392483252e+01 1.174953594839311249e-02
-2.125000000000000153e-02 -2.249999999999999917e-02 -7.970051615421303026e-02 5.082250498693152707e-01 1.936354789986890523e+01 1.509290813586774860e+01 1.182363928665986982e-02
-2.632812500000000083e-02 -2.054687499999999917e-02 -7.935543981372195077e-02 5.104346820411942431e-01 1.935868547647654836e+01 1.513159110762889448e+01 1.173168409155420436e-02
-2.257812500000000097e-02 -2.367187500000000194e-02 -7.871117327450383172e-02 5.140732322991947711e-01 1.937123420104662941e+01 1.514303268917279155e+01 1.174013949271159388e-02
-1.273437500000000090e-02 -2.390625000000000042e-02 -7.673673001560299411e-02 5.195686724656312094e-01 1.935982299945638374e+01 1.509447567530267520e+01 1.185639707692866772e-02
-1.874999999999999931e-03 -2.515625000000000153e-02 -7.625123963516111658e-02 5.145745446872185269e-01 1.940778224971693078e+01 1.508152585745150809e+01 1.164727403223022456e-02
-1.171874999999999957e-03 -2.515625000000000153e-02 -7.637301620895264875e-02 5.143329787559824950e-01 1.945027674019580033e+01 1.507273012190969119e+01 1.182817742491919927e-02
2.187500000000000208e-02 -2.593750000000000222e-02 -7.439255899426289176e-02 5.161663478264078009e-01 1.939510477150041723e+01 1.505342983829220316e+01 1.173631029053880635e-02
1.867187500000000097e-02 -2.554687500000000014e-02 -7.347536996754611138e-02 5.136754032512902413e-01 1.935836793514356557e+01 1.508341978375849024e+01 1.167796591387589532e-02
2.976562500000000042e-02 -2.554687500000000014e-02 -7.525741484885051236e-02 5.182548234161199474e-01 1.941019581371183378e+01 1.507648700750066872e+01 1.177779123664690446e-02
4.328125000000000028e-02 -2.648437500000000097e-02 -7.495995580552028414e-02 5.076068813576695149e-01 1.942921410297441298e+01 1.508955523459064629e+01 1.173320302681416655e-02
5.374999999999999917e-02 -2.734375000000000000e-02 -7.602880591653926601e-02 5.140299832051331563e-01 1.939104603983413355e+01 1.510892293380294227e+01 1.180167095906867539e-02
5.882812500000000194e-02 -2.601562500000000056e-02 -7.508489286245367822e-02 5.117248277052732774e-01 1.943678001630652474e+01 1.510589653358660023e+01 1.179875987840166805e-02
6.343750000000000777e-02 -2.757812500000000194e-02 -7.358924225558949317e-02 5.165417776403335992e-01 1.941685727313619836e+01 1.506379453661658374e+01 1.179260842533534463e-02
7.554687499999999944e-02 -2.687499999999999958e-02 -7.397870356955493776e-02 5.087337710195427576e-01 1.938723941599414147e+01 1.509437204212763106e+01 1.171154370480022820e-02
8.179687500000000500e-02 -2.929687500000000000e-02 -7.209077803443930677e-02 5.093950999051521933e-01 1.938974553264320733e+01 1.508220297520823117e+01 1.162596174842295792e-02
8.640625000000000389e-02 -2.835937499999999917e-02 -7.489017369035622096e-02 5.077397134051864214e-01 1.937584224107266095e+01 1.507089476020135344e+01 1.166058961171801030e-02
9.710937499999999778e-02 -2.906250000000000153e-02 -7.223863856671286499e-02 5.020879183538884405e-01 1.940692163067301834e+01 1.502602624824585043e+01 1.137477529541411521e-02
1.029687499999999978e-01 -2.695312500000000139e-02 -6.867669050107938489e-02 5.012673481211926685e-01 1.936340781568424418e+01 1.505334027125653407e+01 1.162927851689387997e-02
1.150781250000000033e-01 -2.999999999999999889e-02 -6.854292661464533865e-02 5.010202294095211784e-01 1.933260881456513403e+01 1.517571410221763095e+01 1.114446800362574146e-02
1.263281250000000133e-01 -2.914062499999999986e-02 -6.470896547309257230e-02 4.981847465048261370e-01 1.940213599007580569e+01 1.506099920796230585e+01 1.111589661425034167e-02
1.352343749999999900e-01 -2.999999999999999889e-02 -6.161242828387480941e-02 4.974447794070080420e-01 1.941590332894402948e+01 1.510396147122879640e+01 1.072991088118239664e-02
1.390625000000000056e-01 -3.007812500000000069e-02 -5.696905228635973373e-02 4.938100729815708689e-01 1.922699655108382188e+01 1.511318828840110307e+01 1.045155525908652260e-02
1.470312500000000022e-01 -3.085937500000000139e-02 -5.527077638542987614e-02 4.920012382256588879e-01 1.930549638918822097e+01 1.501326858728011260e+01 9.785215690340154718e-03
1.597656249999999944e-01 -2.937500000000000180e-02 -5.438568228344209388e-02 4.897591307052806542e-01 1.931175914268407823e+01 1.495980517454794700e+01 9.231398619089000585e-03
1.692187500000000011e-01 -2.882812499999999958e-02 -5.291123204234082777e-02 4.868748530487465587e-01 1.925953788150034640e+01 1.503483131882896373e+01 8.655080650632706457e-03
1.745312499999999989e-01 -2.968750000000000208e-02 -5.373595096626049283e-02 4.830685108721644028e-01 1.927174696440969015e+01 1.505793890739273344e+01 8.483248158883373996e-03
1.843750000000000111e-01 -3.156250000000000028e-02 -5.385069608385695261e-02 4.846705779371296430e-01 1.930128606117713730e+01 1.508772924221888978e+01 8.418806291992637567e-03
1.925000000000000044e-01 -2.898437499999999972e-02 -5.630064375730103876e-02 4.839003401331920529e-01 1.932461224703020264e+01 1.510200643111259389e+01 8.463102684615206664e-03
1.975000000000000089e-01 -3.109374999999999986e-02 -5.370902769952223821e-02 4.778301820632213648e-01 1.930167655525841752e+01 1.507987499132304343e+01 8.415885967392464431e-03
2.109375000000000000e-01 -3.046874999999999931e-02 -5.577481270698791960e-02 4.814034636547948054e-01 1.925889000409497953e+01 1.505036172764238245e+01 8.906315124456418847e-03
2.140625000000000167e-01 -3.242187500000000278e-02 -5.702197101361550224e-02 4.782720072465940220e-01 1.928205846314941851e+01 1.503214071427284537e+01 9.076729128076379757e-03
2.201562499999999978e-01 -3.132812499999999833e-02 -5.593383604162172063e-02 4.768393745856691623e-01 1.931626511130928492e+01 1.501060553699329070e+01 9.702259582100768165e-03
2.328906250000000178e-01 -3.140625000000000361e-02 -5.642791869514551806e-02 4.772386651902937871e-01 1.939371199329857021e+01 1.497489511544704222e+01 1.005068813680288359e-02
2.364843749999999967e-01 -3.304687500000000333e-02 -6.410149903430806262e-02 4.786726712255440219e-01 1.937490768883344217e+01 1.497204913005642091e+01 1.081123070488074385e-02
2.468750000000000111e-01 -3.179687500000000222e-02 -6.369033892670294961e-02 4.755563219370761985e-01 1.938385749732534791e+01 1.495678361849397042e+01 1.131836400563551032e-02
2.534374999999999822e-01 -3.179687500000000222e-02 -6.981179653893221371e-02 4.743879826329511218e-01 1.941550165017000396e+01 1.489469524491889096e+01 1.129512150698385071e-02
2.671875000000000222e-01 -3.382812500000000056e-02 -7.771526139148665635e-02 4.729566333106172138e-01 1.940074927614953282e+01 1.495616920259033122e+01 1.180142723365685924e-02
2.746093749999999889e-01 -3.468750000000000305e-02 -8.290777817913097536e-02 4.701975316190321053e-01 1.951583571080192314e+01 1.502610635411639350e+01 1.221272035601554846e-02
2.763281249999999800e-01 -3.421874999999999917e-02 -8.473524251352282377e-02 4.668404345508747610e-01 1.950360508758575762e+01 1.497304001984570831e+01 1.255671013737099349e-02
2.842187500000000200e-01 -3.304687500000000333e-02 -8.842078531282604459e-02 4.661161855119777542e-01 1.941462721910890821e+01 1.495934160019503700e+01 1.250851734545186007e-02
3.019531249999999889e-01 -3.437500000000000278e-02 -9.099021987715172344e-02 4.582843352602061771e-01 1.935403931550741774e+01 1.496583997273791056e+01 1.221936145237034407e-02
3.103906250000000311e-01 -3.367187500000000389e-02 -9.358116182733855482e-02 4.557646459318442922e-01 1.947215411487862369e+01 1.489058475973658169e+01 1.265494936213070083e-02
3.104687500000000155e-01 -3.382812500000000056e-02 -9.452360076904753328e-02 4.538858879471918684e-01 1.949534712875961162e+01 1.487723315055058215e+01 1.267651918707488577e-02
3.257031249999999822e-01 -3.421874999999999917e-02 -9.447183109786427835e-02 4.529859296465543750e-01 1.937908192126069906e+01 1.488857276183566469e+01 1.267317292779600313e-02
3.267968749999999867e-01 -3.476562500000000139e-02 -9.920579984166177923e-02 4.461592276229442433e-01 1.940220656519152342e+01 1.491562869276591563e+01 1.231576567176533021e-02
3.378906250000000000e-01 -3.562500000000000389e-02 -9.701366622696383502e-02 4.429030794426136453e-01 1.949424344377800367e+01 1.488172131088573913e+01 1.246233420909533159e-02
3.414843750000000067e-01 -3.609375000000000083e-02 -9.665696702884085667e-02 4.409693364864741838e-01 1.940207936028403779e+01 1.486541787563818495e+01 1.245598024958183107e-02
3.498437500000000089e-01 -3.578125000000000056e-02 -9.604864316867800511e-02 4.420399937034691362e-01 1.942500692355757153e+01 1.483326198499350213e+01 1.242891872703646809e-02
3.651562500000000155e-01 -3.578125000000000056e-02 -9.733325845086016059e-02 4.409858298716429204e-01 1.941719969924416844e+01 1.491217484206230459e+01 1.249047800544011988e-02
3.728124999999999911e-01 -3.640625000000000111e-02 -9.621595293211049338e-02 4.417138185854208032e-01 1.943191734654909553e+01 1.492473092201925233e+01 1.262449920266626308e-02
3.807812500000000155e-01 -3.718749999999999833e-02 -9.600711988331234181e-02 4.336364682096860435e-01 1.947530219609361524e+01 1.487172222497826013e+01 1.268820218049305018e-02
3.825781249999999911e-01 -3.796875000000000250e-02 -9.572322146014222710e-02 4.288087104280746686e-01 1.935985852151218367e+01 1.486283047697881798e+01 1.253095916615418193e-02
3.913281250000000266e-01 -3.500000000000000333e-02 -9.520770752372564871e-02 4.373325415748974265e-01 1.949472045798194486e+01 1.489529706482408677e+01 1.266129510563518759e-02
4.048437500000000022e-01 -3.531250000000000361e-02 -9.466416955457024329e-02 4.367757809916827938e-01 1.943187537071899840e+01 1.489031549215022210e+01 1.248732123287807014e-02
4.058593750000000222e-01 -3.820312499999999750e-02 -9.532362410938910458e-02 4.299001707606109335e-01 1.941437724751285998e+01 1.487111373920142832e+01 1.244898253236202679e-02
4.196093750000000067e-01 -3.648437499999999944e-02 -9.500479487920543420e-02 4.343349561875431419e-01 1.940680508830780937e+01 1.486855445427726785e+01 1.249636365555881722e-02
4.251562500000000133e-01 -3.796875000000000250e-02 -9.301579460487818807e-02 4.282932272826833753e-01 1.938519955383723925e+01 1.486567581865221044e+01 1.248035203673623222e-02
4.372656249999999911e-01 -3.851562499999999778e-02 -9.407966988462801439e-02 4.290347058964805171e-01 1.946280389283575829e+01 1.492798717793475660e+01 1.259973944402125595e-02
4.485937500000000133e-01 -3.898437500000000167e-02 -9.213123801548039893e-02 4.249812911436556817e-01 1.944589631061575119e+01 1.484760995220415403e+01 1.247707327878877330e-02
4.480468750000000111e-01 -3.804687500000000083e-02 -9.002281687494617657e-02 4.302026384052748398e-01 1.945791223912323886e+01 1.480146078151008915e+01 1.241478122904568840e-02
4.570312500000000000e-01 -3.929687500000000194e-02 -9.274394189920931453e-02 4.206904520516641099e-01 1.935284470138265078e+01 1.482981315029424785e+01 1.219452546210903279e-02
4.719531250000000289e-01 -3.960937500000000222e-02 -9.227256722427190638e-02 4.242582871442746040e-01 1.940203080035599115e+01 1.477694948483931725e+01 1.227076940556944690e-02
4.779687499999999978e-01 -3.906250000000000000e-02 -9.205825185062410654e-02 4.138819993467546254e-01 1.935304227446418679e+01 1.467601064121956433e+01 1.227657193399466808e-02
4.883593749999999845e-01 -4.125000000000000194e-02 -9.012309781603056180e-02 4.121707345579039838e-01 1.942067350830427586e+01 1.481936324369908320e+01 1.233069818424459806e-02
4.970312500000000355e-01 -4.023437500000000278e-02 -9.008781679918920204e-02 4.105023173629929190e-01 1.932135306779037975e+01 1.479028759219691658e+01 1.230862072945680674e-02
5.013281250000000133e-01 -4.257812500000000139e-02 -8.918212078448117808e-02 4.046000188699716560e-01 1.943896276243635413e+01 1.472750330271323804e+01 1.223967802631628111e-02
5.032031249999999734e-01 -4.023437500000000278e-02 -9.122819926472569563e-02 3.974674709143366513e-01 1.935830204614604355e+01 1.471499206840042184e+01 1.204727801172697510e-02
5.195312500000000000e-01 -3.937500000000000028e-02 -8.922877618086078044e-02 3.954737619671577775e-01 1.927241666532160380e+01 1.469420526572148766e+01 1.204458658937717676e-02
5.278906250000000577e-01 -4.117187500000000361e-02 -8.952779957288603541e-02 3.993610604702046984e-01 1.937010866939697706e+01 1.470582203359547258e+01 1.196922279044506342e-02
5.361718749999999645e-01 -3.898437500000000167e-02 -9.226670567896722019e-02 3.922102064245480690e-01 1.934943569943035158e+01 1.463313256097701398e+01 1.198098271212260160e-02
5.476562500000000666e-01 -4.164062500000000056e-02 -9.153454473765920696e-02 3.861992815548331848e-01 1.940936204969271017e+01 1.468268429362726479e+01 1.182339207068462510e-02
5.509374999999999689e-01 -4.210937499999999750e-02 -9.266301791517328468e-02 3.868413833230777144e-01 1.933499450199747116e+01 1.468397237779911357e+01 1.200062874463815078e-02
5.610937500000000577e-01 -4.117187500000000361e-02 -9.388429517742657993e-02 3.837258674066701403e-01 1.921909615113863268e+01 1.464247111382202426e+01 1.191524162912611755e-02
5.620312499999999822e-01 -4.539062500000000389e-02 -9.122029236821038722e-02 3.775693070454000377e-01 1.924464639473901073e+01 1.462544370983475162e+01 1.192302553214098434e-02
5.741406249999999600e-01 -4.546875000000000222e-02 -9.319571903625423204e-02 3.819245414923955195e-01 1.927165576838950756e+01 1.463329100602859079e+01 1.192324125339085453e-02
5.820312500000000000e-01 -5.046874999999999972e-02 -9.634132125256877899e-02 3.782604947150103314e-01 1.932249540889015904e+01 1.459170466630833296e+01 1.197466946525616374e-02
5.915624999999999911e-01 -5.601562499999999944e-02 -9.544737951890924776e-02 3.744784982126825312e-01 1.923847691442003338e+01 1.464882599332671553e+01 1.188813412686904290e-02
6.053906249999999600e-01 -6.640625000000000000e-02 -9.643220794331996970e-02 3.751983440497763667e-01 1.926977384495438272e+01 1.471946956173884757e+01 1.190809388134154642e-02
6.093750000000000000e-01 -7.945312499999999944e-02 -9.499257375812364401e-02 3.730484098609654353e-01 1.930929952722867071e+01 1.451307549679023623e+01 1.217816616199059003e-02
6.184374999999999734e-01 -1.010937499999999961e-01 -9.783120874160555758e-02 3.712245295334870576e-01 1.923494480089457781e+01 1.456160509131189151e+01 1.181350505616806691e-02
6.237500000000000266e-01 -1.255468750000000022e-01 -9.659590091251057942e-02 3.746524727545219591e-01 1.929904580054300212e+01 1.457863376449765092e+01 1.165242616553556140e-02
6.382812500000000222e-01 -1.562500000000000000e-01 -9.957331244256906189e-02 3.715989562560473303e-01 1.931008837220752739e+01 1.461586196978474739e+01 1.182139749492939866e-02
6.415625000000000355e-01 -1.939843750000000144e-01 -9.854114273166736382e-02 3.737154070645898329e-01 1.930602851823130095e+01 1.465077246902336228e+01 1.186244675291350283e-02
6.489843750000000577e-01 -2.432812500000000044e-01 -9.880794576494489334e-02 3.727353307397374138e-01 1.932437011625444967e+01 1.461402611437039134e+01 1.214547271429026326e-02
6.558593750000000222e-01 -2.917187500000000266e-01 -9.973643429210810041e-02 3.736191226656027098e-01 1.930994565277022090e+01 1.461890499590462511e+01 1.198167670262944608e-02
6.620312499999999600e-01 -3.471093749999999978e-01 -1.015323110414745322e-01 3.691702466726676235e-01 1.919702740688259013e+01 1.468701021395370176e+01 1.171181228772749314e-02
6.614843750000000133e-01 -3.012500000000000178e-01 -1.059673946570249825e-01 3.630635641883372955e-01 1.922200628347736995e+01 1.449293809634856167e+01 1.167325024873034668e-02
6.507812499999999778e-01 -2.512500000000000289e-01 -1.026150790364055432e-01 3.679811332052196349e-01 1.926231435452479701e+01 1.453695293331771055e+01 1.179339854260942969e-02
6.364843749999999911e-01 -2.093750000000000056e-01 -1.005150398137866219e-01 3.660124032826672646e-01 1.931135360351015962e+01 1.455316217834775649e+01 1.175886187128623306e-02
6.338281249999999645e-01 -1.725000000000000144e-01 -1.010405291368643432e-01 3.656382357948073647e-01 1.930393877509768075e+01 1.454223119902708383e+01 1.200166507452123457e-02
6.199999999999999956e-01 -1.389843749999999933e-01 -1.029718027026671479e-01 3.644190438997663151e-01 1.937972846101668623e+01 1.456957440976146145e+01 1.189920364508794369e-02
6.134374999999999689e-01 -1.135937500000000072e-01 -1.028931837262159199e-01 3.677064961527198861e-01 1.928553487329309846e+01 1.461353687077390973e+01 1.195467113526295193e-02
6.119531249999999867e-01 -9.203124999999999500e-02 -1.011175606818959238e-01 3.675867297261214972e-01 1.926244787326178454e+01 1.458657515038983732e+01 1.172748106317465962e-02
5.932812499999999822e-01 -7.492187499999999889e-02 -9.911470303044511709e-02 3.628893237263675076e-01 1.919309249129214479e+01 1.455512429998178803e+01 1.158153195718343575e-02
5.917968750000000000e-01 -6.109375000000000222e-02 -1.016288941457998973e-01 3.655968157238564942e-01 1.925360914872479867e+01 1.462877907537547095e+01 1.195131495670441642e-02
5.807031249999999867e-01 -5.195312500000000278e-02 -1.066088663414732629e-01 3.726363855690140170e-01 1.928714594989246578e+01 1.456917022756747393e+01 1.184606531332604157e-02
5.769531250000000666e-01 -4.640625000000000305e-02 -1.050901764396483529e-01 3.697909071131988412e-01 1.923904665208191034e+01 1.463162825494238639e+01 1.203117165405292489e-02
5.741406249999999600e-01 -4.179687500000000416e-02 -1.003883250222492585e-01 3.708446335775272829e-01 1.918382569032011986e+01 1.454401323481720532e+01 1.199141371451129152e-02
5.634375000000000355e-01 -3.796875000000000250e-02 -9.513366953802782078e-02 3.714821094483289343e-01 1.930533338798947796e+01 1.463128260960843541e+01 1.150893719786335451e-02
5.451562500000000089e-01 -3.718749999999999833e-02 -9.785283639481834328e-02 3.718356146446444299e-01 1.931913417554087786e+01 1.459037578620525011e+01 1.178243513362660019e-02
5.465625000000000622e-01 -3.624999999999999750e-02 -9.809358453596317418e-02 3.706255771759536799e-01 1.915254416647934832e+01 1.461590306355517122e+01 1.190439589732189031e-02
5.271875000000000311e-01 -3.351562500000000028e-02 -9.880168279229328832e-02 3.711556520047398777e-01 1.931803795294303328e+01 1.466791590436950621e+01 1.171192068150393381e-02
5.269531250000000222e-01 -3.421874999999999917e-02 -9.879340096676791916e-02 3.761090919296661284e-01 1.930975063114164669e+01 1.464085037520907484e+01 1.177907083157880494e-02
5.140624999999999778e-01 -3.500000000000000333e-02 -9.793759093260634430e-02 3.714843064136719164e-01 1.935899414850554479e+01 1.469731736923017351e+01 1.187554142356037068e-02
5.031250000000000444e-01 -3.171875000000000389e-02 -1.002961050013961852e-01 3.760393458215993689e-01 1.930168867585326353e+01 1.471668091884618867e+01 1.167210695927029321e-02
4.989062499999999956e-01 -3.140625000000000361e-02 -9.782395586307446322e-02 3.808320681250476625e-01 1.931068267039145425e+01 1.459245697476768377e+01 1.181388585958518742e-02
4.942968750000000244e-01 -3.445312500000000111e-02 -9.624116325541720585e-02 3.746160462470005115e-01 1.933837244166777580e+01 1.465805096960867004e+01 1.183744782833709430e-02
4.857812499999999978e-01 -3.289062499999999972e-02 -9.895697464825659040e-02 3.860329304310905485e-01 1.924339816344724596e+01 1.467159094318626700e+01 1.173275157259862610e-02
4.729687499999999933e-01 -3.156250000000000028e-02 -9.905877125134798789e-02 3.873398703817754196e-01 1.932246542231356301e+01 1.473712747410677437e+01 1.207881343005346754e-02
4.667187500000000155e-01 -3.257812499999999944e-02 -9.625716129600947468e-02 3.847950718547377136e-01 1.920856767815113031e+01 1.464119247224006592e+01 1.187665400696450921e-02
4.596875000000000266e-01 -3.007812500000000069e-02 -9.724702371542992552e-02 3.887071927748841915e-01 1.934616731077690233e+01 1.467140271693124021e+01 1.176530755076353810e-02
4.442187499999999956e-01 -2.984375000000000222e-02 -9.645291859210480823e-02 3.883721525266281560e-01 1.928801142244708444e+01 1.460150159238284040e+01 1.180359492547855375e-02
4.448437499999999822e-01 -3.109374999999999986e-02 -9.723404030060889269e-02 3.944866438464256220e-01 1.933266344568016493e+01 1.468078587383637590e+01 1.198005714955240400e-02
4.339843750000000333e-01 -3.101562500000000153e-02 -9.453905972627296705e-02 3.896961193976089532e-01 1.931207537863783941e+01 1.476170412159617662e+01 1.184458691003136867e-02
4.240625000000000089e-01 -2.789062500000000222e-02 -9.691734516558137003e-02 3.951521780343414392e-01 1.945972570090522069e+01 1.473822325625426899e+01 1.209394981939784439e-02
4.142187500000000244e-01 -3.062499999999999944e-02 -9.407401892052025261e-02 3.949977637798252061e-01 1.937480296240923749e+01 1.470955490976739810e+01 1.173833237961086941e-02
4.025000000000000244e-01 -3.109374999999999986e-02 -9.385733024720455120e-02 3.965910738863653862e-01 1.944558479985666111e+01 1.483475151880691811e+01 1.210794819894826617e-02
4.036718750000000133e-01 -2.914062499999999986e-02 -9.502363807897262760e-02 4.004091328200676259e-01 1.933224280187375044e+01 1.476126225805465353e+01 1.190788153598553410e-02
3.930468750000000178e-01 -3.125000000000000000e-02 -9.077390307421495663e-02 4.015705100032906927e-01 1.942608667811316181e+01 1.479628347920110798e+01 1.222131287319634489e-02
3.808593750000000000e-01 -3.257812499999999944e-02 -9.086422388251413906e-02 4.015530665862021564e-01 1.940612215452649991e+01 1.477163880396537188e+01 1.192535062364619668e-02
3.728906250000000311e-01 -3.023437500000000083e-02 -9.123673334064941187e-02 4.033095514034190643e-01 1.934265253210465474e+01 1.482625155064793177e+01 1.182144512424643419e-02
3.607812499999999978e-01 -3.125000000000000000e-02 -9.365096268825201520e-02 4.075075033661113011e-01 1.935432011238968286e+01 1.476365311125204194e+01 1.207220021237052562e-02
3.593750000000000000e-01 -2.921875000000000167e-02 -9.317596412533601935e-02 4.027956286255962581e-01 1.941263422178553810e+01 1.475530361359234455e+01 1.201256889741650520e-02
3.462500000000000022e-01 -3.117187500000000167e-02 -9.314318875250915397e-02 4.107577824394414989e-01 1.939309326496471542e+01 1.481678106459058419e+01 1.216314678771361797e-02
3.444531250000000266e-01 -3.101562500000000153e-02 -9.072992549278291463e-02 4.125331481397376265e-01 1.948032034140178226e+01 1.490436105203849060e+01 1.198982506517878681e-02
3.328906249999999956e-01 -2.843750000000000097e-02 -9.226259669256053897e-02 4.157438636288590672e-01 1.941709085344447061e+01 1.483341811467664506e+01 1.207417922819551716e-02
3.232812500000000200e-01 -3.039062500000000097e-02 -8.954617285518162717e-02 4.198657709912678726e-01 1.942353998352156097e+01 1.476016342359126376e+01 1.207624283082323752e-02
3.188281250000000178e-01 -3.125000000000000000e-02 -9.056152386860416570e-02 4.199893344597693812e-01 1.932412732565597224e+01 1.483466756992887348e+01 1.202719290960639446e-02
3.122656249999999911e-01 -3.039062500000000097e-02 -9.193383907376562192e-02 4.216830270146854076e-01 1.943732379701060964e+01 1.486699166463998445e+01 1.207063628844498929e-02
3.035156250000000111e-01 -2.992187500000000056e-02 -8.957127043772716846e-02 4.212548379565417278e-01 1.946077437409042332e+01 1.486619114784489248e+01 1.226944255804290201e-02
2.921093750000000044e-01 -2.898437499999999972e-02 -8.790420804128951104e-02 4.224688658203135105e-01 1.942879895373012999e+01 1.484977151558150510e+01 1.186371332326537076e-02
2.864843750000000133e-01 -2.796875000000000056e-02 -9.284851961878226589e-02 4.275553411504873225e-01 1.936574235121690180e+01 1.483671238111234203e+01 1.211699241495681374e-02
2.789843750000000067e-01 -3.039062500000000097e-02 -9.170018185444828163e-02 4.281078397169180150e-01 1.941373476931663689e+01 1.490035283202449179e+01 1.200097028062974656e-02
2.637499999999999845e-01 -2.921875000000000167e-02 -9.187800805567913898e-02 4.282226062177318937e-01 1.940839161066885765e+01 1.490312556017653378e+01 1.198276828117134617e-02
2.534374999999999822e-01 -2.937500000000000180e-02 -9.366618763028133898e-02 4.308058109700363403e-01 1.942026424882529057e+01 1.485710736330577220e+01 1.201883556147664324e-02
2.460156250000000155e-01 -2.820312499999999903e-02 -9.262677409462849454e-02 4.364781911419868266e-01 1.933473705517634755e+01 1.486918217906634609e+01 1.191463740015556369e-02
2.418750000000000067e-01 -2.890625000000000139e-02 -9.097853569008940156e-02 4.323964584913131404e-01 1.943723270691028304e+01 1.487900736894936848e+01 1.197656379855472318e-02
2.324218750000000000e-01 -2.718749999999999986e-02 -9.274956566570624616e-02 4.362714235098152926e-01 1.947556679731571805e+01 1.496222880583523285e+01 1.223478234246515826e-02
2.281249999999999944e-01 -2.906250000000000153e-02 -9.262586049088028517e-02 4.347691308962620127e-01 1.941935262959252029e+01 1.497678586941711742e+01 1.210636177057638693e-02
2.168750000000000122e-01 -2.890625000000000139e-02 -9.246031462742942963e-02 4.444345695862272905e-01 1.933843348278357155e+01 1.487984411846074906e+01 1.190518225644418213e-02
2.087499999999999911e-01 -2.664062500000000111e-02 -9.061329503042836464e-02 4.439772338462599777e-01 1.939429334553593876e+01 1.489593030220238745e+01 1.210249751328975991e-02
1.952343750000000155e-01 -2.804687499999999889e-02 -9.164585496667099207e-02 4.446646590100522545e-01 1.948416435233797372e+01 1.496289470056068716e+01 1.206787949512436869e-02
1.930468750000000067e-01 -2.890625000000000139e-02 -9.002717057136067069e-02 4.479550515273933442e-01 1.935258994187060466e+01 1.490589988321577941e+01 1.211872047089808044e-02
1.847656250000000167e-01 -2.624999999999999903e-02 -9.025525206549644963e-02 4.391169266173777785e-01 1.943733560365744495e+01 1.495428284460974488e+01 1.192718519867860642e-02
1.778906249999999967e-01 -2.609374999999999889e-02 -9.049262268786550933e-02 4.527848732894135253e-01 1.936502991315549949e+01 1.491127356382626346e+01 1.218963152792235972e-02
1.726562500000000111e-01 -2.468750000000000111e-02 -8.796946033560182343e-02 4.521433516391892837e-01 1.944252355443869362e+01 1.490756276444829709e+01 1.177127265130674394e-02
1.646875000000000144e-01 -2.679687500000000125e-02 -9.007999060980376171e-02 4.563263370910286554e-01 1.942495204850659007e+01 1.503799909978029881e+01 1.206834771327429910e-02
1.558593749999999944e-01 -2.492187499999999958e-02 -8.670957663834411022e-02 4.542825240630321559e-01 1.947555943727785532e+01 1.506482267594713953e+01 1.230409949682637061e-02
1.433593750000000111e-01 -2.656249999999999931e-02 -8.671901678410920411e-02 4.583337589990188476e-01 1.938480225576428140e+01 1.490178919795204493e+01 1.196946499661189801e-02
1.307812500000000155e-01 -2.523437499999999986e-02 -8.482189096228331948e-02 4.602837041422613851e-01 1.931093187315104132e+01 1.487140895489863723e+01 1.206661158768147779e-02
1.228125000000000050e-01 -2.679687500000000125e-02 -8.856736080513627485e-02 4.608287192946036726e-01 1.947072997525384963e+01 1.494312107305804105e+01 1.211251588857949202e-02
1.162500000000000061e-01 -2.539062500000000000e-02 -8.573227170248776119e-02 4.646361896569084493e-01 1.949178159391104614e+01 1.495738994059991889e+01 1.210469973862310714e-02
1.102343749999999956e-01 -2.460937499999999931e-02 -8.387785891086352308e-02 4.649374191752819740e-01 1.945002713992846566e+01 1.498633835148242532e+01 1.209886441913149771e-02
1.074999999999999983e-01 -2.531250000000000167e-02 -8.596072715418845434e-02 4.717939780799484950e-01 1.949592060495134405e+01 1.501476445330138709e+01 1.212012532390028402e-02
9.257812499999999722e-02 -2.335937500000000167e-02 -8.731438485950482331e-02 4.733249313932041957e-01 1.939405009048309481e+01 1.498041743337094189e+01 1.199097047141429312e-02
8.343749999999999778e-02 -2.414062499999999889e-02 -8.630713030389758345e-02 4.764083444181999027e-01 1.944518831356831257e+01 1.499831130713291216e+01 1.223511397185830275e-02
7.101562499999999889e-02 -2.546875000000000180e-02 -8.487921783730811853e-02 4.771587569303958887e-01 1.948865524872164201e+01 1.500881846358939420e+01 1.208679351663990639e-02
5.640624999999999806e-02 -2.414062499999999889e-02 -8.438446119298781412e-02 4.775076616528872719e-01 1.929343401640001332e+01 1.501467110670343885e+01 1.196940823894697935e-02
5.625000000000000139e-02 -2.367187500000000194e-02 -8.698719050553860299e-02 4.794211120660918368e-01 1.930939336309123178e+01 1.502250931775227727e+01 1.202317923924365109e-02
5.148437499999999889e-02 -2.382812500000000208e-02 -8.676125871058815164e-02 4.820386053935754589e-01 1.936481621506863959e+01 1.505454143010919843e+01 1.198011066435923470e-02
3.703125000000000167e-02 -2.375000000000000028e-02 -8.786624305858747874e-02 4.846749885698553584e-01 1.941409949369153765e+01 1.506635995443810749e+01 1.209750735352059167e-02
3.515625000000000000e-02 -2.328124999999999986e-02 -8.815259277544784666e-02 4.896514941285179390e-01 1.934271842999508806e+01 1.502177221263946016e+01 1.212862231189438915e-02
2.429687499999999903e-02 -2.359375000000000014e-02 -8.871066564704044310e-02 4.908795194579651522e-01 1.929459388393691555e+01 1.504809772444814087e+01 1.216315061840212049e-02
2.234374999999999903e-02 -2.343750000000000000e-02 -8.665739869841981857e-02 4.916338175639189956e-01 1.933719239350403996e+01 1.510174588763548087e+01 1.207125647239237071e-02
9.531249999999999792e-03 -2.304687500000000139e-02 -8.525660481187857798e-02 4.995274310277686425e-01 1.939025292256782862e+01 1.505831821010590232e+01 1.208567123375670939e-02
2.187500000000000208e-03 -2.257812500000000097e-02 -8.688751407980310759e-02 4.975610125805163264e-01 1.939536714426578001e+01 1.505839166712558530e+01 1.203476650392258304e-02
-1.000000000000000021e-02 -2.164062500000000014e-02 -8.482212437661562632e-02 5.020937236606126675e-01 1.935548526565779071e+01 1.506707961087041348e+01 1.203276038808021031e-02
-1.078125000000000090e-02 -2.312499999999999972e-02 -8.351540985237493331e-02 5.006606851458483831e-01 1.937460928240824387e+01 1.502965415786172265e+01 1.200814789244733331e-02
-2.140625000000000167e-02 -2.187500000000000208e-02 -8.456650646484487055e-02 5.064330658229199145e-01 1.925204091956585728e+01 1.509249545845409202e+01 1.179260054040219378e-02
-2.054687499999999917e-02 -2.234374999999999903e-02 -8.124154725102084029e-02 5.110019432679857587e-01 1.930512034612073435e+01 1.509889469519838734e+01 1.219096788381124515e-02
-1.445312500000000069e-02 -2.453125000000000097e-02 -8.209654469891747297e-02 5.134251889197027907e-01 1.944952473690593919e+01 1.509611499969198078e+01 1.227917363804582190e-02
-2.890624999999999965e-03 -2.359375000000000014e-02 -8.187990058440286489e-02 5.135323430705884817e-01 1.944513157362353795e+01 1.506461338097468428e+01 1.195197147934032138e-02
6.015625000000000139e-03 -2.343750000000000000e-02 -8.198352126175256771e-02 5.102894386627809808e-01 1.944250027666181779e+01 1.513448495220860934e+01 1.199758172429934121e-02
5.937500000000000069e-03 -2.585937500000000042e-02 -8.238364187634905633e-02 5.079630640443699718e-01 1.943116123391447658e+01 1.508141446851496070e+01 1.206867697671220804e-02
1.546874999999999986e-02 -2.601562500000000056e-02 -8.096295771395922714e-02 5.148655186353323643e-01 1.936931127657692997e+01 1.505291210414973513e+01 1.209648503375081868e-02
3.148437500000000194e-02 -2.601562500000000056e-02 -8.154390990372517578e-02 5.103039560934830021e-01 1.935697521256016529e+01 1.514272494804859726e+01 1.224617215621945886e-02
3.351562500000000028e-02 -2.695312500000000139e-02 -8.132315854395555377e-02 5.064146410476588756e-01 1.947864397226795674e+01 1.504785200123528277e+01 1.199160777918132671e-02
4.429687499999999944e-02 -2.617187500000000069e-02 -8.064309255929602571e-02 5.053422054891898441e-01 1.943677433401016330e+01 1.512181687007439557e+01 1.217405410649327786e-02
5.179687499999999917e-02 -2.648437500000000097e-02 -7.904114508913151482e-02 5.066530880003972115e-01 1.941133890792924177e+01 1.508879625531219659e+01 1.212076442600905184e-02
6.617187500000000500e-02 -2.718749999999999986e-02 -8.092859861246193276e-02 5.078589648441544924e-01 1.936592987422222478e+01 1.506315939814808758e+01 1.201945820457129069e-02
7.296874999999999889e-02 -2.710937500000000153e-02 -8.147815966328408877e-02 5.088299104893501124e-01 1.950446878608293133e+01 1.506479061061616598e+01 1.205036387665186191e-02
7.867187500000000222e-02 -2.765625000000000028e-02 -7.953652030665558925e-02 5.065366850390828901e-01 1.933605245719540022e+01 1.510161605838084853e+01 1.186673505853996086e-02
8.968750000000000333e-02 -2.695312500000000139e-02 -7.723726347462767094e-02 5.078587121289057649e-01 1.937778408847717770e+01 1.507971041661209277e+01 1.203911397795255460e-02
9.429687500000000222e-02 -2.851562499999999931e-02 -7.925507802671871715e-02 5.050511489767650630e-01 1.936310298661629048e+01 1.503295489767775095e+01 1.203657100768937109e-02
1.028125000000000011e-01 -2.875000000000000125e-02 -8.069660145170187704e-02 5.000081499805686391e-01 1.943122711410257963e+01 1.515400355111481012e+01 1.212632680578241626e-02
1.032812500000000050e-01 -2.976562500000000042e-02 -7.857851887421718473e-02 5.019285158703201688e-01 1.941216525820112437e+01 1.510854376673578869e+01 1.215704870503736719e-02
1.214843750000000056e-01 -2.976562500000000042e-02 -7.920395795593115906e-02 5.042128522706690319e-01 1.945171359969350178e+01 1.505193830185874759e+01 1.221767458378547437e-02
1.320312499999999889e-01 -2.882812499999999958e-02 -7.929306975891226017e-02 5.015357833362710238e-01 1.937001051689941633e+01 1.503000872136599497e+01 1.204777035007904840e-02
1.373437500000000144e-01 -2.914062499999999986e-02 -7.945878523450966568e-02 4.980692320425639252e-01 1.941881464079934716e+01 1.502789222848109851e+01 1.183458630919571875e-02
1.381249999999999978e-01 -2.945312500000000014e-02 -7.747735262455535121e-02 4.979755165073651568e-01 1.952239265750811015e+01 1.507265996175432043e+01 1.211776009230348082e-02
1.561718750000000155e-01 -3.062499999999999944e-02 -7.791529596521407086e-02 4.936117680192531054e-01 1.939964391388078724e+01 1.503654487607030532e+01 1.183039196484702953e-02
1.588281250000000144e-01 -2.914062499999999986e-02 -7.983698840892117232e-02 4.947208289684645877e-01 1.936093855278577891e+01 1.509715371721557808e+01 1.174498830658081069e-02
1.730468750000000167e-01 -3.140625000000000361e-02 -8.079302673629218390e-02 4.867419257004401700e-01 1.941546419718718397e+01 1.504247765726450581e+01 1.210129371103211247e-02
1.721093750000000089e-01 -3.093749999999999972e-02 -7.913900114610017411e-02 4.828839096879811166e-01 1.933457414637570437e+01 1.502085721887782377e+01 1.200616998106479767e-02
1.854687500000000155e-01 -3.187500000000000056e-02 -8.123610178544238281e-02 4.883003714582834220e-01 1.941884929931442016e+01 1.508801675361484129e+01 1.209718860362953702e-02
1.963281249999999922e-01 -3.187500000000000056e-02 -8.152134416197220901e-02 4.919829182469914741e-01 1.939376582698012186e+01 1.495545435435697534e+01 1.205779427559170933e-02
1.993749999999999967e-01 -3.203124999999999722e-02 -8.370246841667983162e-02 4.873824395565717893e-01 1.937971035233285377e+01 1.501296776719923720e+01 1.210774193886649322e-02
2.042187500000000044e-01 -3.273437500000000305e-02 -8.179062805192538477e-02 4.846521307804385614e-01 1.947966806459308486e+01 1.496900622916967194e+01 1.212558828749720451e-02
2.134375000000000022e-01 -3.273437500000000305e-02 -8.320992742437693934e-02 4.815163569214186978e-01 1.939702378370446567e+01 1.501029057902736952e+01 1.215044516338434875e-02
2.248437500000000089e-01 -3.312500000000000167e-02 -8.255947632238580525e-02 4.765481997394793723e-01 1.939713571119753155e+01 1.501062455907427662e+01 1.185908400731628017e-02
2.365625000000000089e-01 -3.257812499999999944e-02 -8.462951728356316039e-02 4.745268773710620280e-01 1.948085970759174756e+01 1.499050037082216846e+01 1.228326725166716329e-02
2.415625000000000133e-01 -3.312500000000000167e-02 -8.025642855680192866e-02 4.772231808799265451e-01 1.948737615047578231e+01 1.496883155625337736e+01 1.235651456134468154e-02
2.515625000000000222e-01 -3.242187500000000278e-02 -8.274561054008033878e-02 4.696252898620079108e-01 1.950148681580056476e+01 1.495843939778552567e+01 1.244832658067205125e-02
2.603906249999999867e-01 -3.382812500000000056e-02 -8.095523721174391341e-02 4.777458887740948512e-01 1.940522920802062146e+01 1.501399397895844956e+01 1.197489092038227752e-02
2.693750000000000311e-01 -3.296874999999999806e-02 -8.168410168193362964e-02 4.729017807721724864e-01 1.947240090553913205e+01 1.497866038585663517e+01 1.239936447524658293e-02
2.808593750000000222e-01 -3.421874999999999917e-02 -8.148945357990822203e-02 4.725890890596717853e-01 1.946034204700684711e+01 1.495946153771505571e+01 1.224304465936891517e-02
2.814062500000000244e-01 -3.273437500000000305e-02 -8.204555055849604983e-02 4.629260714665628385e-01 1.941800475196149733e+01 1.497169686313396930e+01 1.212794987503627506e-02
2.892968750000000089e-01 -3.562500000000000389e-02 -8.168909213451813756e-02 4.634076157002064988e-01 1.954795016655614504e+01 1.501406943324606225e+01 1.232373170313521768e-02
3.029687500000000089e-01 -3.328124999999999833e-02 -8.148129417493432669e-02 4.653691246555347050e-01 1.940667110280372754e+01 1.494888806836722850e+01 1.217093819727039020e-02
3.071875000000000022e-01 -3.570312500000000222e-02 -8.249977673239206055e-02 4.640060607969509476e-01 1.951860501436756934e+01 1.499189204110691165e+01 1.236072222540127337e-02
3.089062499999999933e-01 -3.562500000000000389e-02 -8.193253180833748317e-02 4.637306445698152757e-01 1.947722081532226923e+01 1.495053501556385278e+01 1.241996565950809726e-02
3.250781249999999956e-01 -3.593750000000000416e-02 -8.322034784683518538e-02 4.659417409231148000e-01 1.940726424860416799e+01 1.490337654976043957e+01 1.222229917598022242e-02
3.278125000000000067e-01 -3.304687500000000333e-02 -8.190946847840274714e-02 4.577754576704062828e-01 1.947939755702243403e+01 1.501906374453453630e+01 1.215057416197517712e-02
3.422656250000000178e-01 -3.476562500000000139e-02 -8.135488958602721254e-02 4.556390976055091357e-01 1.934425616243505885e+01 1.492075002079048396e+01 1.211967886228125686e-02
3.532812499999999911e-01 -3.632812500000000278e-02 -8.296542189129008094e-02 4.545466078495596918e-01 1.938912576574345437e+01 1.494374373258678190e+01 1.230168199427001709e-02
3.609375000000000222e-01 -3.671875000000000139e-02 -8.134935846231261536e-02 4.558131776410290215e-01 1.946575352012979465e+01 1.496813430857821281e+01 1.229536884023368047e-02
3.667968750000000222e-01 -3.554687499999999861e-02 -8.402061149515027694e-02 4.537296796070178218e-01 1.940429673002810418e+01 1.487169953192197269e+01 1.215752404548902689e-02
3.728906250000000311e-01 -3.554687499999999861e-02 -8.053478251590640014e-02 4.458226048894786686e-01 1.949141945787052776e+01 1.497969344869504660e+01 1.212477616744908615e-02
3.682031250000000200e-01 -3.609375000000000083e-02 -8.328227670967303098e-02 4.487730598743189248e-01 1.936750261783162941e+01 1.496476910255289994e+01 1.234391819396662288e-02
3.688281250000000067e-01 -3.601562500000000250e-02 -8.210831332786661108e-02 4.507138694261447753e-01 1.951491672907552299e+01 1.487211106222935442e+01 1.227399113328822046e-02
3.664062499999999889e-01 -3.507812500000000167e-02 -8.232746334677631950e-02 4.529883078887131376e-01 1.936110211331167008e+01 1.493330048558710921e+01 1.234425857935153061e-02
3.661718749999999800e-01 -3.507812500000000167e-02 -8.267591971681254037e-02 4.466888083844322566e-01 1.946129678797450779e+01 1.486177650039379472e+01 1.227867163295540652e-02
3.608593749999999822e-01 -3.570312500000000222e-02 -8.305299488532424945e-02 4.449131620783974839e-01 1.937097000000230196e+01 1.486562402323626131e+01 1.220058682058865369e-02
3.771093750000000244e-01 -3.554687499999999861e-02 -8.286572954151472103e-02 4.504154565976303815e-01 1.940658712101415873e+01 1.495457524400087124e+01 1.226762528173463811e-02
3.638281250000000022e-01 -3.531250000000000361e-02 -8.144736060871071714e-02 4.466539132762292752e-01 1.944632426822012050e+01 1.495156370324221307e+01 1.207934901886805606e-02
3.708593749999999911e-01 -3.304687500000000333e-02 -8.201968094689870981e-02 4.466992139888548152e-01 1.946794956734481730e+01 1.488963903298698810e+01 1.234504781315360657e-02
3.667187499999999822e-01 -3.343750000000000194e-02 -8.291701619557168002e-02 4.406941396474239880e-01 1.943791204832389141e+01 1.488180818521134618e+01 1.200506720385581885e-02
3.695312500000000333e-01 -3.351562500000000028e-02 -8.254972706428498341e-02 4.390655905868845466e-01 1.939415593365765389e+01 1.486163403813579897e+01 1.198034944198428722e-02
3.640625000000000111e-01 -3.476562500000000139e-02 -8.443427264125391574e-02 4.432829052239295464e-01 1.941255682945005745e+01 1.485688088229769654e+01 1.216884842300055246e-02
3.667968750000000222e-01 -3.304687500000000333e-02 -8.217939912593674734e-02 4.448453098014004681e-01 1.947962492610024299e+01 1.490323142788383137e+01 1.203188810268185360e-02
3.710156250000000155e-01 -3.492187499999999806e-02 -8.382762792958908804e-02 4.480369906298298233e-01 1.942767400421146462e+01 1.491153261588782009e+01 1.226217765499898471e-02
3.678124999999999867e-01 -3.343750000000000194e-02 -8.322482089911931169e-02 4.397583043916242218e-01 1.946721905445732403e+01 1.491268933342688108e+01 1.202291955036333126e-02
3.674218750000000089e-01 -3.226562499999999917e-02 -8.418862806549576305e-02 4.404994550697649558e-01 1.941062175829645398e+01 1.490956424774319622e+01 1.228497359170452330e-02
3.635156250000000089e-01 -3.234374999999999750e-02 -8.291404541082014745e-02 4.408617928948421749e-01 1.939668505697133938e+01 1.490826105711930083e+01 1.228098014183989090e-02
3.679687500000000111e-01 -3.578125000000000056e-02 -8.653384246420925408e-02 4.430967792998563581e-01 1.941036501024478866e+01 1.493911355102427763e+01 1.213622129103952146e-02
3.629687500000000067e-01 -3.203124999999999722e-02 -8.479484408751014612e-02 4.376101078151117818e-01 1.945957343837677556e+01 1.487615700442825606e+01 1.238826445394551785e-02
3.657031250000000178e-01 -3.296874999999999806e-02 -8.549990167437959698e-02 4.439257935461293769e-01 1.939645530627504755e+01 1.489307409740974464e+01 1.224817649424462390e-02
3.641406249999999956e-01 -3.195312499999999889e-02 -8.568420051326963716e-02 4.458427129595099458e-01 1.939860022078656954e+01 1.486394643833689422e+01 1.221486762098445734e-02
3.671093750000000155e-01 -3.546875000000000028e-02 -8.737177157114306425e-02 4.374509626765332726e-01 1.942279182696210071e+01 1.483714543746360981e+01 1.215651259108267539e-02
3.728906250000000311e-01 -3.500000000000000333e-02 -8.575466787841268257e-02 4.408876911307535451e-01 1.942877792523304237e+01 1.488408931670157997e+01 1.215845380083992525e-02
3.714062499999999933e-01 -3.265624999999999778e-02 -8.612386614339495594e-02 4.386131804608117690e-01 1.947116272342168841e+01 1.495242617118821293e+01 1.206914963050047425e-02
3.610156250000000067e-01 -3.476562500000000139e-02 -8.681927478855211433e-02 4.323147430314255857e-01 1.942932617369250181e+01 1.490677370419997416e+01 1.226092982454717213e-02
3.697656249999999867e-01 -3.484374999999999972e-02 -8.568694447682601023e-02 4.442898967263575472e-01 1.946913360352996136e+01 1.495188550331807775e+01 1.231188200751692947e-02
3.650781250000000311e-01 -3.195312499999999889e-02 -8.349388820531045141e-02 4.409571517311361433e-01 1.937464959911429574e+01 1.488577705769016468e+01 1.215574787761738822e-02
